date,open,high,low,close,volume
1673308800000,16.25,16.49,16.25,16.41,92233.99
1673309700000,16.41,16.46,16.32,16.43,56110.61
1673310600000,16.43,16.49,16.36,16.46,44038.43
1673311500000,16.46,16.59,16.41,16.58,98522.76
1673312400000,16.59,16.6,16.34,16.35,86465.1
1673313300000,16.36,16.43,16.31,16.32,48454.31
1673314200000,16.31,16.36,16.16,16.29,159473.77
1673315100000,16.3,16.33,16.11,16.22,149407.06
1673316000000,16.23,16.33,16.22,16.31,30669.17
1673316900000,16.32,16.32,16.01,16.07,119442.77
1673317800000,16.08,16.12,15.57,15.72,383858.12
1673318700000,15.72,15.82,15.64,15.75,114710.55
1673319600000,15.76,15.85,15.7,15.77,106385.86
1673320500000,15.78,15.9,15.72,15.86,73023.54
1673321400000,15.87,15.87,15.75,15.84,41991.55
1673322300000,15.84,16,15.83,15.97,81590.86
1673323200000,15.98,16.04,15.93,16,52541.01
1673324100000,16,16.02,15.91,15.92,38506.08
1673325000000,15.92,15.94,15.86,15.94,28043.14
1673325900000,15.94,16.11,15.93,16.1,117757.01
1673326800000,16.1,16.14,16.01,16.04,89926.3
1673327700000,16.05,16.14,15.98,16.03,168639.63
1673328600000,16.04,16.12,15.97,16.06,74986.95
1673329500000,16.07,16.19,16.05,16.18,57207.07
1673330400000,16.19,16.2,16.13,16.18,32676.01
1673331300000,16.19,16.31,16.17,16.19,103346.57
1673332200000,16.2,16.24,15.99,16.05,166288.06
1673333100000,16.05,16.1,15.96,16.05,130615.5
1673334000000,16.06,16.11,15.97,16.03,96351.89
1673334900000,16.03,16.06,15.91,15.92,65341.12
1673335800000,15.92,16.01,15.88,15.99,55083.51
1673336700000,15.99,16.01,15.88,15.89,39947.67
1673337600000,15.9,15.92,15.82,15.83,46476.39
1673338500000,15.83,16.2,15.82,16.17,125413.76
1673339400000,16.16,16.2,16.05,16.09,84771.44
1673340300000,16.09,16.23,16.06,16.2,216700.37
1673341200000,16.21,16.24,16.12,16.15,112820.32
1673342100000,16.16,16.35,16.13,16.31,204499.72
1673343000000,16.32,16.32,16.13,16.2,111912.95
1673343900000,16.2,16.23,16.13,16.16,76866.07
1673344800000,16.16,16.19,16.1,16.15,35893.17
1673345700000,16.16,16.28,16.09,16.27,61529.3
1673346600000,16.27,16.28,16.18,16.2,41733.2
1673347500000,16.2,16.23,16.16,16.19,27863.26
1673348400000,16.19,16.22,16.14,16.14,45544.13
1673349300000,16.14,16.16,16.08,16.14,45761.78
1673350200000,16.14,16.17,16,16.01,61541.6
1673351100000,16.01,16.1,16,16.03,27918.85
1673352000000,16.03,16.09,15.93,16.07,51470.17
1673352900000,16.07,16.09,15.86,15.95,93744.58
1673353800000,15.95,16.03,15.87,15.98,101173.63
1673354700000,15.98,16.01,15.88,15.93,46341.51
1673355600000,15.93,16.04,15.93,15.99,40533.82
1673356500000,15.99,16.05,15.95,16.02,23838.96
1673357400000,16.02,16.03,15.82,15.93,61420.09
1673358300000,15.92,15.98,15.87,15.95,76244.04
1673359200000,15.94,16.21,15.94,16.18,231855.54
1673360100000,16.18,16.2,16.06,16.13,77178.09
1673361000000,16.13,16.32,16.12,16.18,198324.65
1673361900000,16.18,16.22,15.93,16.13,173658.77
1673362800000,16.14,16.36,16.06,16.33,192672.13
1673363700000,16.34,16.49,16.23,16.25,214054.9
1673364600000,16.25,16.25,16.1,16.12,127100.01
1673365500000,16.12,16.26,16.1,16.25,97800.93
1673366400000,16.24,16.25,16.16,16.17,45284.67
1673367300000,16.17,16.22,16.1,16.11,44234.54
1673368200000,16.12,16.15,16.03,16.04,64216.38
1673369100000,16.05,16.19,16.04,16.11,62329.33
1673370000000,16.11,16.2,16.05,16.18,54966.58
1673370900000,16.18,16.24,16.16,16.22,69380.82
1673371800000,16.22,16.3,16.18,16.27,77875.98
1673372700000,16.27,16.38,16.24,16.36,65292.88
1673373600000,16.36,16.38,16.25,16.31,69569.19
1673374500000,16.31,16.43,16.31,16.37,93113.66
1673375400000,16.37,16.47,16.34,16.34,84928.58
1673376300000,16.34,16.47,16.34,16.46,118205.8
1673377200000,16.46,16.48,16.38,16.44,98377.22
1673378100000,16.44,16.45,16.28,16.35,59412.4
1673379000000,16.36,16.39,16.29,16.29,38156.36
1673379900000,16.29,16.42,16.28,16.39,33628.68
1673380800000,16.39,16.41,16.25,16.38,51590.66
1673381700000,16.38,16.5,16.38,16.42,104189.36
1673382600000,16.43,16.46,16.35,16.36,43640.34
1673383500000,16.37,16.73,16.36,16.63,255253.8
1673384400000,16.62,16.63,16.44,16.51,104973.75
1673385300000,16.51,16.53,16.41,16.43,47715.99
1673386200000,16.43,16.53,16.41,16.49,54060.57
1673387100000,16.49,16.58,16.38,16.41,168265.1
1673388000000,16.41,16.43,16.31,16.33,68973.87
1673388900000,16.32,16.35,16.2,16.33,83612.57
1673389800000,16.34,16.37,16.23,16.26,43634.8
1673390700000,16.26,16.35,16.26,16.29,24088.94
1673391600000,16.28,16.35,16.23,16.28,69779.15
1673392500000,16.28,16.3,16.21,16.27,33396.78
1673393400000,16.27,16.28,16.14,16.22,71514.85
1673394300000,16.22,16.23,16.15,16.2,47460.07
1673395200000,16.2,16.21,16.08,16.15,46468.67
1673396100000,16.16,16.33,16.14,16.16,129310.25
1673397000000,16.16,16.18,16.08,16.12,50873.49
1673397900000,16.12,16.24,16.12,16.16,51683.02
1673398800000,16.16,16.25,16.15,16.21,49060.01
1673399700000,16.21,16.24,15.91,15.96,133503.51
1673400600000,15.97,16.1,15.97,16.09,50742.54
1673401500000,16.09,16.13,16.05,16.1,27006.72
1673402400000,16.1,16.12,16.04,16.07,21060.59
1673403300000,16.07,16.11,16,16.08,50825.52
1673404200000,16.08,16.15,16.07,16.09,25323.94
1673405100000,16.1,16.13,15.99,16,61393.63
1673406000000,16,16.04,15.97,16,46530.36
1673406900000,16,16.05,15.87,16.03,108546.59
1673407800000,16.04,16.08,16,16.05,57541.28
1673408700000,16.05,16.06,16.01,16.01,20777.54
1673409600000,16.01,16.09,15.95,16.07,53399.62
1673410500000,16.08,16.12,16.03,16.06,47039.05
1673411400000,16.06,16.06,15.97,16.02,47849.28
1673412300000,16.01,16.02,15.85,15.9,83307.99
1673413200000,15.9,16.03,15.87,15.97,82066.44
1673414100000,15.98,16.02,15.95,16,24199.04
1673415000000,16,16.06,15.97,16.03,35227.97
1673415900000,16.03,16.07,15.97,15.98,50304
1673416800000,15.98,16.14,15.96,16.1,44267.64
1673417700000,16.09,16.13,16.04,16.09,32448.12
1673418600000,16.09,16.12,16.04,16.05,18472.16
1673419500000,16.05,16.16,16.03,16.13,69345.95
1673420400000,16.12,16.13,16.02,16.07,31400.63
1673421300000,16.06,16.13,16.06,16.11,15252.35
1673422200000,16.12,16.13,16.06,16.11,22920.95
1673423100000,16.12,16.14,16.09,16.1,30068.67
1673424000000,16.1,16.1,16.02,16.03,28702.84
1673424900000,16.03,16.05,15.99,16.02,40579
1673425800000,16.02,16.05,15.95,15.96,32829.17
1673426700000,15.97,16.04,15.96,16.03,18755.41
1673427600000,16.04,16.08,16.02,16.03,18543.65
1673428500000,16.04,16.13,16.03,16.08,44659.62
1673429400000,16.09,16.14,16.08,16.12,28746.1
1673430300000,16.12,16.13,16.06,16.08,31886.43
1673431200000,16.08,16.11,16.05,16.09,23504.33
1673432100000,16.09,16.12,16.01,16.03,30674.79
1673433000000,16.04,16.07,16,16,25781.08
1673433900000,16,16.04,16,16.01,39989.24
1673434800000,16.01,16.02,15.97,16,30622.82
1673435700000,16,16.01,15.95,15.99,20594.69
1673436600000,16,16.06,15.97,16.04,37528.71
1673437500000,16.05,16.06,16,16.03,27829.12
1673438400000,16.03,16.03,15.94,15.95,42741.81
1673439300000,15.95,15.98,15.7,15.83,333972.46
1673440200000,15.84,15.93,15.74,15.74,176315.69
1673441100000,15.75,15.86,15.7,15.81,67962.36
1673442000000,15.81,15.89,15.81,15.87,63175.39
1673442900000,15.88,15.9,15.83,15.85,46839.8
1673443800000,15.84,15.86,15.74,15.82,45767.66
1673444700000,15.83,15.86,15.74,15.84,84504.58
1673445600000,15.84,15.85,15.64,15.65,91931.62
1673446500000,15.65,15.74,15.62,15.71,101983.69
1673447400000,15.72,15.79,15.66,15.74,70252.37
1673448300000,15.74,15.75,15.64,15.64,71720.56
1673449200000,15.64,15.81,15.59,15.75,83078.94
1673450100000,15.75,15.79,15.65,15.65,46215.06
1673451000000,15.65,15.68,15.35,15.45,214562.91
1673451900000,15.45,15.49,15.3,15.41,168669.88
1673452800000,15.41,15.48,15.34,15.44,110647.26
1673453700000,15.43,15.46,15.4,15.44,51019.24
1673454600000,15.44,15.5,15.43,15.47,47916.61
1673455500000,15.47,15.47,15.33,15.34,77093.85
1673456400000,15.34,15.47,15.28,15.43,56925.36
1673457300000,15.44,15.56,15.43,15.52,36921.99
1673458200000,15.52,15.57,15.46,15.55,25612.06
1673459100000,15.55,15.59,15.51,15.54,28781.92
1673460000000,15.55,15.83,15.54,15.78,183751.59
1673460900000,15.77,15.8,15.67,15.72,85696.1
1673461800000,15.73,15.76,15.63,15.67,54413.98
1673462700000,15.67,15.7,15.61,15.67,33783.88
1673463600000,15.67,15.74,15.61,15.71,48620.54
1673464500000,15.72,15.98,15.67,15.95,142249.65
1673465400000,15.95,16.13,15.95,16.1,201935.38
1673466300000,16.11,16.13,15.94,16,99121.82
1673467200000,16.01,16.14,15.91,15.94,121222.92
1673468100000,15.94,16.14,15.94,16.04,92727.31
1673469000000,16.05,16.05,15.92,15.97,62882.74
1673469900000,15.97,16.02,15.94,15.96,30233.33
1673470800000,15.96,16.01,15.87,15.88,51580.77
1673471700000,15.88,15.92,15.81,15.88,29728.56
1673472600000,15.88,15.92,15.82,15.86,19351.91
1673473500000,15.86,15.95,15.86,15.9,54475.32
1673474400000,15.91,15.99,15.76,15.77,58405.77
1673475300000,15.78,15.87,15.74,15.84,33435.81
1673476200000,15.85,16.09,15.84,16.07,78631.36
1673477100000,16.07,16.29,16.03,16.19,136295.19
1673478000000,16.19,16.45,16.19,16.23,229783.64
1673478900000,16.24,16.47,16.19,16.35,158830.09
1673479800000,16.36,16.67,16.28,16.3,304599.26
1673480700000,16.31,16.44,16.25,16.36,105802.16
1673481600000,16.37,16.41,16.2,16.22,169879.17
1673482500000,16.22,16.42,16.14,16.4,154491.92
1673483400000,16.4,16.67,16.37,16.66,258199.08
1673484300000,16.65,17,16.53,16.9,435127.97
1673485200000,16.9,16.94,16.55,16.62,224664.58
1673486100000,16.62,16.65,16.52,16.56,64626.19
1673487000000,16.56,16.58,16.44,16.55,74667.53
1673487900000,16.55,16.7,16.51,16.59,113274.97
1673488800000,16.59,16.63,16.53,16.56,80537.66
1673489700000,16.56,16.59,16.5,16.57,73703.35
1673490600000,16.58,16.59,16.5,16.5,42521.03
1673491500000,16.5,16.61,16.35,16.4,106930.04
1673492400000,16.4,16.54,16.39,16.5,89509.86
1673493300000,16.5,16.53,16.41,16.42,48236.79
1673494200000,16.43,16.52,16.4,16.45,80627.94
1673495100000,16.45,16.47,16.41,16.42,26464.77
1673496000000,16.43,16.47,16.41,16.43,21445.06
1673496900000,16.44,16.5,16.41,16.41,34568.86
1673497800000,16.42,16.51,16.41,16.48,24445.44
1673498700000,16.49,16.51,16.41,16.42,38129.08
1673499600000,16.43,16.46,16.38,16.4,65469.39
1673500500000,16.4,16.43,16.27,16.31,84610.2
1673501400000,16.32,16.37,16.29,16.29,53505.76
1673502300000,16.3,16.34,16.21,16.22,56108.26
1673503200000,16.23,16.32,16.22,16.27,41440.71
1673504100000,16.28,16.3,16.25,16.27,39166.99
1673505000000,16.27,16.29,16.2,16.27,69879.61
1673505900000,16.27,16.34,16.26,16.27,36879.71
1673506800000,16.27,16.33,16.21,16.31,44273.12
1673507700000,16.31,16.33,16.27,16.31,24491
1673508600000,16.3,16.33,16.16,16.17,44347.17
1673509500000,16.17,16.29,16.17,16.25,118745.8
1673510400000,16.25,16.26,16.11,16.16,52784.11
1673511300000,16.15,16.19,16.13,16.18,30420.97
1673512200000,16.17,16.19,16.05,16.05,48621.08
1673513100000,16.06,16.14,16.03,16.13,30139.28
1673514000000,16.14,16.17,16.08,16.11,35944.83
1673514900000,16.11,16.12,16.06,16.08,36229.3
1673515800000,16.08,16.16,16.07,16.14,51241.39
1673516700000,16.14,16.16,16.09,16.11,22629.97
1673517600000,16.12,16.12,15.9,15.91,137672.96
1673518500000,15.91,16.03,15.89,15.98,59708.47
1673519400000,15.98,16.06,15.98,16.04,33994.73
1673520300000,16.04,16.07,16,16.05,57531.39
1673521200000,16.06,16.06,15.96,16.01,93295.07
1673522100000,16.02,16.07,16.01,16.02,22377.41
1673523000000,16.01,16.11,16.01,16.1,36741.46
1673523900000,16.1,16.12,16.05,16.07,25479.45
1673524800000,16.07,16.14,16.02,16.13,43695.71
1673525700000,16.13,16.14,16.03,16.04,85645.37
1673526600000,16.05,16.09,15.93,16.06,111047.58
1673527500000,16.07,16.15,16.03,16.14,29665.97
1673528400000,16.15,16.21,16.08,16.14,51919.15
1673529300000,16.14,16.15,15.87,15.93,181512.2
1673530200000,15.94,16.29,15.54,16.01,519391.99
1673531100000,16.02,16.5,16.02,16.36,387061.18
1673532000000,16.37,16.49,16.19,16.21,263276.78
1673532900000,16.22,16.28,16.12,16.19,166710.7
1673533800000,16.19,16.25,15.68,15.71,318822.48
1673534700000,15.72,15.89,15.69,15.82,137930.17
1673535600000,15.83,16.03,15.81,15.97,110232.27
1673536500000,15.97,16.05,15.88,15.91,66331.01
1673537400000,15.91,16.06,15.84,15.95,68665.89
1673538300000,15.95,16.06,15.92,15.96,60574.51
1673539200000,15.96,16.01,15.9,15.98,46618.48
1673540100000,15.99,16.12,15.95,16.04,110968.75
1673541000000,16.04,16.08,15.98,16,38122.51
1673541900000,16.01,16.11,15.94,16.07,42521.01
1673542800000,16.08,16.18,16.04,16.14,76043.59
1673543700000,16.14,16.3,16.14,16.27,103296.26
1673544600000,16.26,16.55,16.21,16.35,390350.7
1673545500000,16.34,16.61,16.34,16.59,252248.57
1673546400000,16.59,16.65,16.42,16.53,278448.03
1673547300000,16.53,16.64,16.38,16.38,147587.19
1673548200000,16.38,16.53,16.35,16.49,106758.72
1673549100000,16.49,16.63,16.48,16.55,101060.66
1673550000000,16.54,16.58,16.49,16.51,65556.74
1673550900000,16.51,16.8,16.51,16.74,182697.21
1673551800000,16.74,16.8,16.67,16.69,102152.14
1673552700000,16.69,16.79,16.48,16.54,138830.44
1673553600000,16.54,16.58,16.4,16.46,98746.5
1673554500000,16.47,16.55,16.45,16.53,40835.64
1673555400000,16.54,16.56,16.48,16.53,60061.64
1673556300000,16.53,16.69,16.45,16.61,163464.48
1673557200000,16.61,16.65,16.43,16.46,198411.8
1673558100000,16.47,16.48,16.37,16.43,63317.26
1673559000000,16.43,16.5,16.41,16.46,31146.73
1673559900000,16.47,16.51,16.45,16.46,26188.04
1673560800000,16.46,16.49,16.35,16.38,42725.12
1673561700000,16.38,16.41,16.31,16.33,48020.81
1673562600000,16.33,16.43,16.31,16.43,24716.43
1673563500000,16.42,16.49,16.35,16.39,135005.33
1673564400000,16.39,16.54,16.33,16.53,55918.29
1673565300000,16.53,16.71,16.5,16.51,85042.93
1673566200000,16.51,16.71,16.48,16.67,91603.96
1673567100000,16.67,16.69,16.56,16.59,41941.16
1673568000000,16.59,16.71,16.49,16.49,84788.05
1673568900000,16.5,16.85,16.49,16.63,141071.94
1673569800000,16.63,16.64,16.33,16.35,111594.97
1673570700000,16.35,16.49,16.34,16.42,46686.24
1673571600000,16.42,16.55,16.42,16.47,39117.99
1673572500000,16.47,16.54,16.41,16.45,26332.33
1673573400000,16.45,16.46,16.29,16.41,86043.85
1673574300000,16.41,16.45,16.33,16.42,34633.98
1673575200000,16.42,16.46,16.39,16.43,18019.73
1673576100000,16.44,16.45,16.35,16.35,25314.67
1673577000000,16.35,16.44,16.35,16.43,26704.82
1673577900000,16.44,16.48,16.41,16.47,22819.35
1673578800000,16.47,16.52,16.46,16.51,28129.98
1673579700000,16.52,16.54,16.49,16.5,31548.38
1673580600000,16.51,16.57,16.5,16.55,30735.02
1673581500000,16.55,16.77,16.52,16.7,104896.37
1673582400000,16.7,17.07,16.69,16.95,566110.43
1673583300000,16.95,17.35,16.92,17.13,453502.35
1673584200000,17.14,17.24,17.04,17.13,348011.81
1673585100000,17.14,17.14,16.94,16.96,131752.83
1673586000000,16.95,17.05,16.91,16.93,123192.56
1673586900000,16.94,16.99,16.88,16.9,40936.01
1673587800000,16.9,16.9,16.76,16.82,172311.04
1673588700000,16.82,16.92,16.76,16.8,199638.34
1673589600000,16.8,16.95,16.78,16.85,275964.65
1673590500000,16.86,16.95,16.83,16.93,75995.23
1673591400000,16.94,17.01,16.87,16.98,65122.07
1673592300000,16.98,17.05,16.95,17,175405.42
1673593200000,17,17.02,16.87,16.9,47055.02
1673594100000,16.91,16.91,16.78,16.79,47584.09
1673595000000,16.79,16.91,16.79,16.89,37404.27
1673595900000,16.9,16.93,16.87,16.9,27529.68
1673596800000,16.9,16.95,16.8,16.84,46199.9
1673597700000,16.84,17.1,16.83,16.98,80601.44
1673598600000,16.98,17.02,16.86,16.91,53087.29
1673599500000,16.9,16.97,16.89,16.93,32623.85
1673600400000,16.94,17.09,16.92,17.05,50245.15
1673601300000,17.05,17.07,16.97,16.97,73231.57
1673602200000,16.98,17.05,16.97,16.99,40773.9
1673603100000,16.99,17.03,16.89,16.93,57523.31
1673604000000,16.94,16.98,16.88,16.96,68448.01
1673604900000,16.96,17,16.85,16.85,54046.38
1673605800000,16.85,16.87,16.61,16.81,160985.5
1673606700000,16.81,16.88,16.74,16.8,86103.87
1673607600000,16.81,16.81,16.67,16.74,58784.27
1673608500000,16.75,16.76,16.6,16.64,52765.46
1673609400000,16.65,16.67,16.54,16.66,86344.33
1673610300000,16.66,16.75,16.6,16.67,93754.53
1673611200000,16.68,16.68,16.58,16.63,81027.84
1673612100000,16.64,16.69,16.57,16.61,42022.72
1673613000000,16.62,16.66,16.56,16.57,25008.34
1673613900000,16.57,16.62,16.49,16.53,64188.34
1673614800000,16.53,16.6,16.5,16.55,35716.55
1673615700000,16.56,16.67,16.54,16.63,49557.38
1673616600000,16.63,16.66,16.6,16.64,21712.74
1673617500000,16.65,16.65,16.53,16.54,26084.97
1673618400000,16.55,16.64,16.46,16.6,72476.05
1673619300000,16.6,16.62,16.54,16.58,31828.36
1673620200000,16.59,16.65,16.55,16.62,52148.49
1673621100000,16.62,16.78,16.61,16.68,100974.86
1673622000000,16.68,16.79,16.66,16.76,72696.88
1673622900000,16.76,16.88,16.7,16.79,123734.19
1673623800000,16.79,16.86,16.72,16.79,73329.42
1673624700000,16.79,16.84,16.75,16.81,44859.2
1673625600000,16.82,16.85,16.56,16.58,82837.05
1673626500000,16.58,16.71,16.52,16.66,85810.12
1673627400000,16.67,16.77,16.61,16.76,52656.22
1673628300000,16.76,16.78,16.64,16.68,33838.17
1673629200000,16.69,16.81,16.65,16.8,63126.76
1673630100000,16.8,16.96,16.77,16.84,151194.68
1673631000000,16.83,16.87,16.74,16.81,73117.25
1673631900000,16.81,16.92,16.74,16.89,126514.1
1673632800000,16.9,16.95,16.81,16.84,71585.44
1673633700000,16.85,16.85,16.77,16.82,35728.95
1673634600000,16.83,16.84,16.77,16.82,40589.08
1673635500000,16.82,16.86,16.72,16.75,44458.47
1673636400000,16.75,16.81,16.72,16.8,31859.93
1673637300000,16.8,16.85,16.77,16.81,30180.32
1673638200000,16.81,16.89,16.78,16.86,45252.41
1673639100000,16.86,17.21,16.86,17.18,272737.84
1673640000000,17.17,17.42,17.13,17.13,299691.93
1673640900000,17.13,17.21,17,17.07,137058.18
1673641800000,17.07,17.27,17.06,17.15,126856.58
1673642700000,17.15,17.28,17.11,17.22,111492.25
1673643600000,17.23,17.25,17.06,17.18,98678.46
1673644500000,17.18,17.88,17.13,17.75,619954.93
1673645400000,17.75,18.49,17.57,18.16,887338.9
1673646300000,18.17,18.47,18.08,18.3,390375.73
1673647200000,18.3,18.56,18.28,18.34,342735.69
1673648100000,18.34,18.65,18.28,18.51,215865.46
1673649000000,18.51,18.6,18.35,18.35,194222.83
1673649900000,18.36,18.36,17.88,18.07,245234.88
1673650800000,18.08,18.22,18.05,18.08,109020.13
1673651700000,18.08,18.25,18.01,18.18,120049.23
1673652600000,18.18,18.31,18.18,18.27,71314.71
1673653500000,18.27,18.31,18.2,18.29,59669.16
1673654400000,18.29,18.61,18.2,18.47,227219.78
1673655300000,18.48,18.5,18.34,18.44,155514.81
1673656200000,18.43,21.11,18.39,20.03,1160897.05
1673657100000,20.03,20.28,19.66,20.01,544363.14
1673658000000,20,20.32,19.85,20.24,384175.27
1673658900000,20.23,20.25,19.82,19.87,291469.15
1673659800000,19.88,20.65,19.85,20.44,362943.9
1673660700000,20.45,21.09,20.39,20.89,514297.3
1673661600000,20.9,22.8,20.87,22.38,1213321.83
1673662500000,22.37,22.84,21.89,22.14,705448.58
1673663400000,22.14,22.45,22.07,22.17,426812.95
1673664300000,22.18,22.3,21.76,22.27,475614.1
1673665200000,22.27,22.4,21.68,21.88,373235.79
1673666100000,21.88,22.25,21.88,22.08,252300.75
1673667000000,22.09,22.14,21.83,21.97,218511.68
1673667900000,21.97,22.13,21.83,21.92,238415.87
1673668800000,21.93,22.18,21.83,21.89,244261.26
1673669700000,21.89,21.99,21.78,21.98,255672.99
1673670600000,21.99,22.14,21.93,21.96,188837.19
1673671500000,21.96,22.41,21.86,22.34,304085.66
1673672400000,22.34,22.39,21.85,21.89,310334.17
1673673300000,21.9,22.08,21.86,22.01,150785.15
1673674200000,22,24.5,22,23.81,1771909.41
1673675100000,23.82,24.01,23.04,23.79,737860.74
1673676000000,23.79,23.81,23.48,23.64,310474.4
1673676900000,23.64,23.83,23.33,23.5,263218.12
1673677800000,23.51,23.78,23.33,23.73,260038.78
1673678700000,23.73,23.79,23.41,23.73,285929.42
1673679600000,23.73,23.85,23.5,23.71,223236.48
1673680500000,23.71,24.74,23.65,23.89,504961.16
1673681400000,23.88,23.93,23.43,23.53,264527.59
1673682300000,23.53,23.66,23.46,23.57,169774.37
1673683200000,23.57,23.76,23.54,23.6,127502.57
1673684100000,23.6,23.93,23.58,23.74,155305.17
1673685000000,23.74,23.82,23.5,23.7,147589.18
1673685900000,23.7,23.87,23.57,23.63,128400.45
1673686800000,23.63,23.72,22.4,22.5,483358.7
1673687700000,22.5,22.74,21.66,22.42,833909.25
1673688600000,22.42,22.9,22.07,22.25,409877.98
1673689500000,22.25,22.63,22.25,22.58,226237.94
1673690400000,22.59,22.62,22.19,22.21,216504.78
1673691300000,22.2,22.39,21.31,21.57,422633.91
1673692200000,21.57,22,21.54,21.97,216824.64
1673693100000,21.97,22.17,21.85,22.07,159658.54
1673694000000,22.07,22.63,21.94,22.46,299628.27
1673694900000,22.47,22.47,22.11,22.35,125113.45
1673695800000,22.35,22.37,22.03,22.14,125876.14
1673696700000,22.14,22.43,22.09,22.36,148314.87
1673697600000,22.37,22.55,22.09,22.1,156708.16
1673698500000,22.1,22.45,22.01,22.43,138464.82
1673699400000,22.44,22.73,22.37,22.61,234672.61
1673700300000,22.61,22.64,22.44,22.51,100414.39
1673701200000,22.51,22.83,22.3,22.31,212781.12
1673702100000,22.31,22.41,22.15,22.28,125164.77
1673703000000,22.29,22.52,22.27,22.45,118125.57
1673703900000,22.46,22.52,22.27,22.51,88744.15
1673704800000,22.51,22.75,22.46,22.56,238324.78
1673705700000,22.56,22.68,22.43,22.67,157155.67
1673706600000,22.68,23.6,21.8,22.28,1002444.39
1673707500000,22.3,22.43,22.2,22.33,204214.88
1673708400000,22.34,22.57,22.11,22.19,206443.66
1673709300000,22.19,22.34,22,22.16,167782.51
1673710200000,22.16,22.4,22.12,22.33,161910.22
1673711100000,22.33,22.39,22.19,22.33,98410.6
1673712000000,22.34,22.48,22.28,22.4,122341.55
1673712900000,22.4,22.45,22.15,22.42,117305.78
1673713800000,22.42,22.92,22.38,22.5,299454.29
1673714700000,22.5,23.06,22.47,22.99,260388.12
1673715600000,22.98,23.19,22.75,23.11,242944.51
1673716500000,23.12,23.17,22.89,23.1,135031.32
1673717400000,23.11,23.36,23.04,23.26,162402.7
1673718300000,23.27,23.43,22.79,22.87,270410.27
1673719200000,22.87,23.14,22.84,22.99,124352.3
1673720100000,22.99,23.02,22.64,22.72,103862.42
1673721000000,22.74,22.92,22.65,22.77,85165.82
1673721900000,22.76,23.1,22.73,23.02,92865.8
1673722800000,23.03,23.15,22.97,23.08,103511.92
1673723700000,23.08,23.37,23.08,23.27,136594.92
1673724600000,23.28,23.29,23.11,23.22,36492.33
1673725500000,23.23,23.35,23.01,23.06,215374.96
1673726400000,23.05,23.1,22.91,23.02,70565.34
1673727300000,23.04,23.25,22.94,23.22,54308.08
1673728200000,23.22,23.29,23.14,23.16,44547.95
1673729100000,23.17,23.21,23.04,23.15,46972.78
1673730000000,23.16,23.19,22.81,22.95,78610.42
1673730900000,22.95,22.99,22.84,22.89,46581.87
1673731800000,22.89,23.03,22.82,22.86,68592.1
1673732700000,22.87,22.89,22.49,22.75,100990.78
1673733600000,22.74,22.77,22.63,22.71,51586.19
1673734500000,22.71,22.71,22.55,22.63,36916.95
1673735400000,22.62,22.98,22.61,22.93,38130.74
1673736300000,22.93,23.99,22.93,23.62,189295.94
1673737200000,23.62,24.66,23.61,24.59,461530.71
1673738100000,24.59,24.75,24.3,24.39,345476.81
1673739000000,24.37,24.48,24.09,24.38,263370.17
1673739900000,24.37,24.56,24.15,24.24,162309.24
1673740800000,24.23,24.55,23.83,24.31,394804.07
1673741700000,24.31,25,24.02,24.34,527983.99
1673742600000,24.35,24.38,23.11,23.33,498288.03
1673743500000,23.33,23.77,23.3,23.38,317768.39
1673744400000,23.39,23.47,22.52,22.85,504124.56
1673745300000,22.84,23.11,22.58,22.89,286447.72
1673746200000,22.89,23.27,22.85,23.18,234868.28
1673747100000,23.18,23.33,23.05,23.19,157450.41
1673748000000,23.19,23.21,22.86,22.9,118047.93
1673748900000,22.91,23.22,22.89,23.11,131324.24
1673749800000,23.11,23.16,22.61,22.79,144571.29
1673750700000,22.78,22.94,22.66,22.76,92313.31
1673751600000,22.76,22.93,22.7,22.83,65204.66
1673752500000,22.83,22.95,22.58,22.76,113309.25
1673753400000,22.77,23.07,22.74,23.06,138177.05
1673754300000,23.06,23.17,23.01,23.06,86089.52
1673755200000,23.07,23.09,22.97,23.04,35624.65
1673756100000,23.05,23.06,22.81,22.86,75323.72
1673757000000,22.86,23.05,22.82,22.93,49688.12
1673757900000,22.93,22.95,22.79,22.91,57040.47
1673758800000,22.91,22.97,22.74,22.84,56736.33
1673759700000,22.84,23.15,22.84,23.14,72633.93
1673760600000,23.14,23.17,23.04,23.1,59685.13
1673761500000,23.11,23.14,22.96,22.98,31655.19
1673762400000,22.99,23.03,22.87,22.88,75293.46
1673763300000,22.88,23.02,22.85,22.95,40291.39
1673764200000,22.94,22.99,22.77,22.79,61798.4
1673765100000,22.79,22.79,22.53,22.56,83606.65
1673766000000,22.56,22.59,22.13,22.17,224857.35
1673766900000,22.17,22.32,22.14,22.24,68263.91
1673767800000,22.23,22.45,22.22,22.37,75668.75
1673768700000,22.37,22.66,22.35,22.62,57300.61
1673769600000,22.63,22.77,22.52,22.55,54980.35
1673770500000,22.55,22.63,22.23,22.31,98223.17
1673771400000,22.31,22.53,22.16,22.5,112636.46
1673772300000,22.51,22.56,22.08,22.15,120009.79
1673773200000,22.15,22.3,21.98,22.2,134170.77
1673774100000,22.2,22.5,22.19,22.46,90328.54
1673775000000,22.47,22.52,22.3,22.4,46659.34
1673775900000,22.41,22.68,22.37,22.65,98443.59
1673776800000,22.66,22.68,22.5,22.65,62484.73
1673777700000,22.66,22.67,22.5,22.59,39376.35
1673778600000,22.58,22.62,22.47,22.54,57649.51
1673779500000,22.54,22.73,22.42,22.68,54352.03
1673780400000,22.69,22.75,22.49,22.56,78182.23
1673781300000,22.56,22.86,22.53,22.82,85327.73
1673782200000,22.83,23.08,22.7,22.97,158879
1673783100000,22.97,22.98,22.77,22.9,103118.42
1673784000000,22.89,23.42,22.86,23.01,257728.33
1673784900000,23.01,23.11,22.9,23,142218.2
1673785800000,23,23.03,22.71,22.99,170815.8
1673786700000,22.99,23.09,22.88,22.94,83166.97
1673787600000,22.93,23.16,22.87,23.11,70970.11
1673788500000,23.12,23.45,22.99,23.28,183469.27
1673789400000,23.29,23.79,23.26,23.54,278718.28
1673790300000,23.54,23.62,23.1,23.23,176179.29
1673791200000,23.22,23.41,23.11,23.32,82451.01
1673792100000,23.32,23.45,23.28,23.34,45705.61
1673793000000,23.34,23.39,23.13,23.34,72434.42
1673793900000,23.34,23.45,23.19,23.3,74704.33
1673794800000,23.3,23.45,23.2,23.44,75268.48
1673795700000,23.43,23.44,23.25,23.3,66573.15
1673796600000,23.31,23.44,23.22,23.42,55716.39
1673797500000,23.41,23.88,23.38,23.69,279015.67
1673798400000,23.69,23.79,23.52,23.64,151267.83
1673799300000,23.64,23.67,23.22,23.42,201345.72
1673800200000,23.43,23.43,23.16,23.32,109601.83
1673801100000,23.32,23.37,23.03,23.2,117129.27
1673802000000,23.2,23.4,23.19,23.33,65366.56
1673802900000,23.34,23.8,23.25,23.61,155729.1
1673803800000,23.61,23.73,23.43,23.46,100993.87
1673804700000,23.46,23.54,23.16,23.3,134712.23
1673805600000,23.3,23.32,22.97,23.21,173264.81
1673806500000,23.2,23.29,23.06,23.15,69093.41
1673807400000,23.16,23.25,23.02,23.14,92566.79
1673808300000,23.14,23.33,23.13,23.21,88784.38
1673809200000,23.22,23.25,23.02,23.21,65021.09
1673810100000,23.21,23.37,23.19,23.31,54076.23
1673811000000,23.31,23.41,23.27,23.32,48039.14
1673811900000,23.33,23.41,23.32,23.36,32067.55
1673812800000,23.35,23.39,23.17,23.31,50473.47
1673813700000,23.31,23.4,23.29,23.36,28144.32
1673814600000,23.37,23.38,23.23,23.31,41360.6
1673815500000,23.31,23.4,23.31,23.36,35152.36
1673816400000,23.37,23.38,23.23,23.24,61053.77
1673817300000,23.24,23.32,23.11,23.12,189313.83
1673818200000,23.12,23.25,23.09,23.24,44179.37
1673819100000,23.24,23.34,23.22,23.32,36091.61
1673820000000,23.32,23.35,23,23.11,52096.08
1673820900000,23.1,23.16,22.58,22.91,169250.47
1673821800000,22.92,23.1,22.74,22.98,89790.24
1673822700000,22.99,23.22,22.97,23.15,30404.88
1673823600000,23.16,23.2,22.88,23.02,80593.39
1673824500000,23.03,23.05,22.9,22.9,35470.93
1673825400000,22.9,22.95,22.73,22.84,174447.25
1673826300000,22.84,22.92,22.78,22.89,34948.09
1673827200000,22.9,23.15,22.73,23.04,150090.81
1673828100000,23.04,23.09,22.45,22.62,162093.99
1673829000000,22.62,22.86,22.61,22.74,69147.03
1673829900000,22.75,23.06,22.74,22.98,73416.32
1673830800000,22.98,23.5,22.92,23.47,215765.44
1673831700000,23.48,23.58,23.07,23.26,215054.61
1673832600000,23.26,23.28,23.07,23.22,72245.32
1673833500000,23.23,23.35,23.18,23.29,65045.31
1673834400000,23.3,23.37,23.18,23.19,65265.84
1673835300000,23.19,24.19,23.19,23.88,366304.22
1673836200000,23.88,23.91,23.61,23.73,107610.86
1673837100000,23.72,23.72,23.51,23.52,68581.43
1673838000000,23.53,23.54,23.23,23.33,95269.69
1673838900000,23.33,23.47,23.28,23.38,66052.76
1673839800000,23.38,23.48,23.22,23.23,54380.55
1673840700000,23.22,23.31,23.2,23.22,49502.98
1673841600000,23.23,23.37,23.22,23.35,35908.82
1673842500000,23.34,23.37,23.03,23.11,72145.75
1673843400000,23.12,23.26,23.1,23.21,56082.52
1673844300000,23.21,23.31,23.2,23.29,23145.15
1673845200000,23.3,23.35,23.21,23.34,23820.77
1673846100000,23.34,23.42,23.28,23.31,40086.81
1673847000000,23.32,23.4,23.26,23.4,43665.98
1673847900000,23.41,23.57,23.33,23.52,92002.07
1673848800000,23.53,23.68,23.43,23.46,77191.46
1673849700000,23.47,23.55,23.39,23.51,51649.64
1673850600000,23.51,24.51,23.43,24.34,361997.81
1673851500000,24.34,24.73,24.18,24.64,452289.71
1673852400000,24.64,25,24.22,24.38,584816.19
1673853300000,24.38,24.64,24.38,24.43,126024.98
1673854200000,24.43,24.57,24.09,24.17,185619.59
1673855100000,24.17,24.33,24.13,24.25,93896.45
1673856000000,24.25,24.27,23.2,23.41,394002.13
1673856900000,23.41,23.62,23.18,23.33,262107.25
1673857800000,23.33,23.43,22.85,22.97,239391.3
1673858700000,22.95,23.17,22.95,23.08,111145.15
1673859600000,23.08,23.34,22.97,23.32,119776.84
1673860500000,23.32,23.4,23.23,23.33,73851.6
1673861400000,23.34,23.45,23.2,23.28,70751.59
1673862300000,23.28,23.43,23.24,23.38,48155.64
1673863200000,23.39,23.68,23.35,23.63,102699.93
1673864100000,23.64,23.65,23.41,23.45,79379.46
1673865000000,23.45,23.55,23.37,23.52,41661.19
1673865900000,23.53,23.53,23.26,23.43,67702.51
1673866800000,23.42,23.46,23.27,23.4,38658.31
1673867700000,23.4,23.44,23.16,23.27,50873.76
1673868600000,23.27,23.53,23.26,23.45,53808.69
1673869500000,23.45,23.5,23.34,23.38,30238.21
1673870400000,23.39,23.54,23.39,23.49,67852.15
1673871300000,23.5,23.51,23.31,23.35,39168.02
1673872200000,23.36,23.42,23.26,23.35,34650.52
1673873100000,23.36,23.39,23.22,23.25,37369.86
1673874000000,23.25,23.41,23.25,23.4,33801.76
1673874900000,23.41,23.52,23.34,23.37,51686.34
1673875800000,23.37,23.52,23.25,23.28,41737.07
1673876700000,23.28,23.29,22.99,23.24,118905.64
1673877600000,23.24,23.31,23.05,23.09,50770.89
1673878500000,23.09,23.33,22.7,23.28,204177.93
1673879400000,23.29,23.37,23.12,23.23,76675.75
1673880300000,23.23,23.28,23.08,23.09,52695.33
1673881200000,23.1,23.17,22.3,22.42,304790.14
1673882100000,22.41,23.01,22.41,22.92,299389.37
1673883000000,22.92,23.22,22.87,23.11,137360.64
1673883900000,23.11,23.32,23,23.08,106131.38
1673884800000,23.08,23.26,22.94,23.24,80741.59
1673885700000,23.25,23.33,23.07,23.1,79996.26
1673886600000,23.1,23.16,23.01,23.07,36229.08
1673887500000,23.08,23.17,22.85,23.14,69477.01
1673888400000,23.14,23.17,23.05,23.13,30955.78
1673889300000,23.13,23.27,23.05,23.06,60741.74
1673890200000,23.06,23.34,22.96,23.17,98906.7
1673891100000,23.17,23.36,23.17,23.29,97344.03
1673892000000,23.3,23.35,23.16,23.16,67589.74
1673892900000,23.17,23.24,23.1,23.23,34817.31
1673893800000,23.22,23.5,23.17,23.39,120875.98
1673894700000,23.39,23.72,23.38,23.62,167915.85
1673895600000,23.61,23.8,23.54,23.75,178845.53
1673896500000,23.74,23.77,23.45,23.51,114392.44
1673897400000,23.51,23.65,23.41,23.62,96224.61
1673898300000,23.63,23.65,23.5,23.55,41306.73
1673899200000,23.55,23.78,23.49,23.53,58084.96
1673900100000,23.54,23.75,23.5,23.71,53175.21
1673901000000,23.72,23.85,23.56,23.58,114873.17
1673901900000,23.59,23.63,23.52,23.57,38043.85
1673902800000,23.58,23.61,23.46,23.56,51040.43
1673903700000,23.57,23.61,23.31,23.43,75696.31
1673904600000,23.44,23.63,23.4,23.58,64928.19
1673905500000,23.58,23.7,23.54,23.64,39795.42
1673906400000,23.64,23.97,23.63,23.93,74816.61
1673907300000,23.94,24.24,23.79,23.96,168037.96
1673908200000,23.96,23.96,23.65,23.76,51632.77
1673909100000,23.76,23.81,23.63,23.65,37743.55
1673910000000,23.65,23.74,23.45,23.5,72825.11
1673910900000,23.51,23.78,23.51,23.72,46132.56
1673911800000,23.72,23.73,23.58,23.68,33634.33
1673912700000,23.68,23.7,23.52,23.58,29010.26
1673913600000,23.58,23.84,23.12,23.68,195227.81
1673914500000,23.69,23.82,23.53,23.54,87378.55
1673915400000,23.53,23.55,23.16,23.23,145133.15
1673916300000,23.23,23.36,23,23.11,143243.56
1673917200000,23.12,23.23,22.79,23,182177.11
1673918100000,23,23.2,22.96,23.15,87854.64
1673919000000,23.15,23.23,23.06,23.17,50401.8
1673919900000,23.17,23.23,23.1,23.17,30843.31
1673920800000,23.17,23.27,23.07,23.08,33969.65
1673921700000,23.08,23.17,22.95,23.07,49316.88
1673922600000,23.08,23.15,23.06,23.09,22664.69
1673923500000,23.1,23.22,23.09,23.19,21238.98
1673924400000,23.19,23.24,23.05,23.07,32824.65
1673925300000,23.08,23.23,23.07,23.19,22368.03
1673926200000,23.19,23.22,23.13,23.21,15354.56
1673927100000,23.21,23.26,23.13,23.19,36504.13
1673928000000,23.19,23.22,23.14,23.14,32087.06
1673928900000,23.14,23.46,23.14,23.43,105984.16
1673929800000,23.43,23.48,23.35,23.37,41072.75
1673930700000,23.37,23.49,23.27,23.43,65523.5
1673931600000,23.43,23.8,23.43,23.65,101746.7
1673932500000,23.64,23.73,23.44,23.51,96514.09
1673933400000,23.51,23.71,23.46,23.61,58365.05
1673934300000,23.61,23.66,23.52,23.54,26279.37
1673935200000,23.55,23.56,23.46,23.47,30767.44
1673936100000,23.47,23.54,23.39,23.43,21010.75
1673937000000,23.44,23.58,23.37,23.38,28314.32
1673937900000,23.38,23.52,23.32,23.37,94118.27
1673938800000,23.37,23.48,23.32,23.46,26745.76
1673939700000,23.47,23.62,23.44,23.44,29045.97
1673940600000,23.44,23.47,23.25,23.3,55711.82
1673941500000,23.3,23.44,23.27,23.41,57566.47
1673942400000,23.42,23.54,23.35,23.53,42552.27
1673943300000,23.53,23.57,23.44,23.55,30514.5
1673944200000,23.55,23.56,23.45,23.5,26294.18
1673945100000,23.5,23.68,23.5,23.66,54570.25
1673946000000,23.66,23.76,23.54,23.54,68889.95
1673946900000,23.55,23.6,23.48,23.55,32582.29
1673947800000,23.55,23.62,23.46,23.58,34326.96
1673948700000,23.59,23.67,23.54,23.62,41861.83
1673949600000,23.62,23.69,23.49,23.5,39207.37
1673950500000,23.5,23.6,23.43,23.47,40548.62
1673951400000,23.47,23.52,23.44,23.46,21361.88
1673952300000,23.46,23.54,23.43,23.44,20347.05
1673953200000,23.43,23.63,23.4,23.6,42156.24
1673954100000,23.61,23.94,23.58,23.78,223001.12
1673955000000,23.78,23.84,23.65,23.76,69468.14
1673955900000,23.75,23.82,23.66,23.74,60493.3
1673956800000,23.75,23.78,23.6,23.69,61042.23
1673957700000,23.69,23.85,23.66,23.75,75983.21
1673958600000,23.76,23.82,23.64,23.68,45421.84
1673959500000,23.69,23.69,23.46,23.55,67356.69
1673960400000,23.55,23.62,23.37,23.47,92339.23
1673961300000,23.47,23.54,23.43,23.53,42643.61
1673962200000,23.53,23.59,23.4,23.4,40142.1
1673963100000,23.4,23.47,23.37,23.44,32041.59
1673964000000,23.44,23.75,23.38,23.69,97117.41
1673964900000,23.69,23.95,23.45,23.52,235558.69
1673965800000,23.52,23.65,23.15,23.37,309304.24
1673966700000,23.36,23.52,23.31,23.44,74433.22
1673967600000,23.44,23.6,23.43,23.47,87779.64
1673968500000,23.48,23.62,23.47,23.5,60160.75
1673969400000,23.5,23.55,23.15,23.26,201641.86
1673970300000,23.26,23.31,23.15,23.27,75973.7
1673971200000,23.27,23.32,23.04,23.09,131518.35
1673972100000,23.08,23.26,23.07,23.25,54242.21
1673973000000,23.25,23.35,23.17,23.29,53053.91
1673973900000,23.29,23.39,23.22,23.27,35885.31
1673974800000,23.26,23.35,23.19,23.19,24568.55
1673975700000,23.2,23.22,23.06,23.13,49876.65
1673976600000,23.14,23.37,23.12,23.26,101413.76
1673977500000,23.26,23.37,23.23,23.33,54430.01
1673978400000,23.34,23.39,23.28,23.31,27077.64
1673979300000,23.31,23.45,23.31,23.39,35533.03
1673980200000,23.4,23.56,23.38,23.48,68506.91
1673981100000,23.49,23.56,23.44,23.5,41479.22
1673982000000,23.5,23.53,23.41,23.43,30613.64
1673982900000,23.43,23.49,23.37,23.47,34119.53
1673983800000,23.48,23.55,23.46,23.5,36880.19
1673984700000,23.5,23.51,23.4,23.43,17278.35
1673985600000,23.43,23.68,23.43,23.61,70003.25
1673986500000,23.61,23.64,23.5,23.55,21688.48
1673987400000,23.56,23.59,23.45,23.46,30362.07
1673988300000,23.47,23.47,23.14,23.4,78305.69
1673989200000,23.4,23.43,23.25,23.28,37469.02
1673990100000,23.28,23.35,23.19,23.24,29286.21
1673991000000,23.25,23.3,23.17,23.19,38604.02
1673991900000,23.2,23.34,23.16,23.28,33294.11
1673992800000,23.29,23.31,23.21,23.21,22145.1
1673993700000,23.21,23.28,23.2,23.24,21116.49
1673994600000,23.24,23.27,23.14,23.22,33582.62
1673995500000,23.22,23.25,23.15,23.19,20532.35
1673996400000,23.19,23.35,23.1,23.3,86083.23
1673997300000,23.3,23.31,23.1,23.14,43760.39
1673998200000,23.13,23.17,22.89,22.98,106296.81
1673999100000,22.99,23.07,22.7,22.86,113464.64
1674000000000,22.86,23.08,22.71,22.81,134830.43
1674000900000,22.82,22.94,22.77,22.79,79157.59
1674001800000,22.79,23.03,22.75,22.97,168460.46
1674002700000,22.97,22.98,22.59,22.71,190797.3
1674003600000,22.71,22.97,22.67,22.95,133698.55
1674004500000,22.96,23.05,22.74,22.77,67596.52
1674005400000,22.78,22.94,22.73,22.92,36241.83
1674006300000,22.92,23,22.83,22.99,52675.57
1674007200000,22.99,23,22.86,22.87,49660.28
1674008100000,22.88,22.98,22.81,22.82,33936.31
1674009000000,22.81,22.99,22.65,22.95,95209.37
1674009900000,22.95,23.24,22.92,23.05,127233.62
1674010800000,23.04,23.28,22.97,23.26,111876.15
1674011700000,23.26,23.33,23.12,23.15,176417.69
1674012600000,23.16,23.17,23.02,23.05,43809.22
1674013500000,23.05,23.16,23.04,23.04,31810.22
1674014400000,23.04,23.16,22.96,23.12,45733.27
1674015300000,23.12,23.21,23.05,23.2,45064.76
1674016200000,23.2,23.23,23.1,23.16,30554.11
1674017100000,23.16,23.18,23.09,23.13,24634.16
1674018000000,23.13,23.17,23.06,23.13,25488.02
1674018900000,23.13,23.22,23.13,23.14,32990.02
1674019800000,23.15,23.18,23.08,23.14,32750.59
1674020700000,23.14,23.31,23.12,23.24,82787.94
1674021600000,23.25,23.27,23.12,23.13,36509.57
1674022500000,23.13,23.23,23.08,23.16,46788.07
1674023400000,23.17,23.19,23.1,23.1,17052.26
1674024300000,23.1,23.11,23,23.02,41752.88
1674025200000,23.02,23.08,22.89,23.06,48167.74
1674026100000,23.06,23.08,22.87,22.9,33708.02
1674027000000,22.9,23.02,22.85,22.89,32227.2
1674027900000,22.9,22.99,22.89,22.98,32808.01
1674028800000,22.98,22.99,22.76,22.81,45948.76
1674029700000,22.82,22.84,22.47,22.6,137797.23
1674030600000,22.61,22.69,22.54,22.65,43026.97
1674031500000,22.66,22.66,22.12,22.34,167730.3
1674032400000,22.34,22.5,22.2,22.4,99198.9
1674033300000,22.4,22.52,22.35,22.48,52280.56
1674034200000,22.48,22.49,22.26,22.26,48985.12
1674035100000,22.27,22.44,22.26,22.4,36218.62
1674036000000,22.4,22.44,22.3,22.4,26393.57
1674036900000,22.39,22.5,22.36,22.46,31427.8
1674037800000,22.46,22.47,22.35,22.36,28132.05
1674038700000,22.36,22.44,22.3,22.32,22826.73
1674039600000,22.32,22.7,22.29,22.58,104594.17
1674040500000,22.58,22.72,22.5,22.55,51816.06
1674041400000,22.55,22.59,22.49,22.53,23238.34
1674042300000,22.54,22.64,22.52,22.52,30081.41
1674043200000,22.52,22.71,22.52,22.67,59038.03
1674044100000,22.66,22.69,22.6,22.61,34147.02
1674045000000,22.62,22.76,22.57,22.73,40435.99
1674045900000,22.73,22.83,22.69,22.71,55325.38
1674046800000,22.7,22.8,22.67,22.74,39653.59
1674047700000,22.74,22.78,22.64,22.64,33272.26
1674048600000,22.64,22.93,22.5,22.82,132685.95
1674049500000,22.81,23.22,22.81,23.07,184534.79
1674050400000,23.07,23.29,22.96,23.21,134045.7
1674051300000,23.21,23.36,23.01,23.05,196931.37
1674052200000,23.04,23.19,23.03,23.09,99216.11
1674053100000,23.1,23.19,23.1,23.14,40047
1674054000000,23.14,23.65,23.13,23.38,229627.69
1674054900000,23.37,23.46,23.2,23.25,90484.98
1674055800000,23.25,23.26,22.89,22.91,110429.26
1674056700000,22.91,22.97,20.78,21.79,918855.39
1674057600000,21.78,21.78,21.26,21.43,488015.02
1674058500000,21.43,21.55,20.34,20.77,883981.87
1674059400000,20.75,21.08,20.55,20.7,598576.87
1674060300000,20.71,21.5,20.63,21.4,435596.78
1674061200000,21.39,22.53,21.37,22.14,631753.65
1674062100000,22.14,22.33,21.72,21.89,177853.51
1674063000000,21.89,22.09,21.75,21.9,95462.84
1674063900000,21.89,22,21.75,21.81,59919.75
1674064800000,21.82,21.92,21.62,21.89,104986.82
1674065700000,21.88,22.27,21.88,22.14,144806.88
1674066600000,22.13,22.27,21.78,21.9,159606.56
1674067500000,21.92,21.99,21.85,21.88,70819.21
1674068400000,21.89,21.99,21.77,21.96,60503.7
1674069300000,21.97,21.99,21.81,21.94,37793.23
1674070200000,21.95,21.97,21.75,21.87,84329.03
1674071100000,21.87,21.91,21.74,21.77,38398.06
1674072000000,21.78,21.87,21.68,21.81,46412.96
1674072900000,21.82,21.85,21.63,21.64,44987.19
1674073800000,21.64,21.66,21.21,21.36,254927.87
1674074700000,21.36,21.49,21.17,21.35,125715.82
1674075600000,21.34,21.51,21.29,21.51,91890
1674076500000,21.51,21.65,21.31,21.32,80867.21
1674077400000,21.32,21.51,21.28,21.48,74592.52
1674078300000,21.49,21.49,21.3,21.33,47018.5
1674079200000,21.34,21.36,20.99,21,246507.1
1674080100000,21,21.12,20.8,21.01,211875.33
1674081000000,21.01,21.04,20.83,20.92,98580.87
1674081900000,20.91,21.18,20.85,21.15,91457.73
1674082800000,21.15,21.31,21,21.02,44241.64
1674083700000,21.01,21.2,21,21.05,39378.19
1674084600000,21.05,21.1,20.75,20.78,78697.68
1674085500000,20.77,20.93,20.7,20.79,201301.1
1674086400000,20.78,21.23,20.77,21.06,193419.44
1674087300000,21.06,21.22,20.95,21.04,80095.85
1674088200000,21.04,21.28,20.96,21.16,106708.96
1674089100000,21.15,21.21,20.97,20.98,100905.12
1674090000000,20.97,21.17,20.91,21.12,66884.35
1674090900000,21.13,21.28,21.11,21.27,69107.87
1674091800000,21.25,21.27,21.17,21.23,57460.35
1674092700000,21.23,21.24,20.91,21.02,107179.19
1674093600000,21.02,21.07,20.91,20.99,47784.61
1674094500000,20.99,21.09,20.95,21.09,31768.24
1674095400000,21.09,21.22,21.05,21.12,61834.84
1674096300000,21.12,21.27,21.12,21.18,61211.98
1674097200000,21.17,21.38,21.16,21.33,114617.67
1674098100000,21.32,21.54,21.29,21.41,147224.5
1674099000000,21.41,21.41,21.28,21.34,37046.2
1674099900000,21.35,21.42,21.32,21.35,56221.41
1674100800000,21.35,21.71,21.32,21.63,92421.25
1674101700000,21.63,21.78,21.54,21.69,50983.83
1674102600000,21.68,21.79,21.64,21.68,33695.36
1674103500000,21.68,21.7,21.54,21.58,17824.12
1674104400000,21.58,21.71,21.55,21.61,29219.2
1674105300000,21.62,21.63,21.5,21.53,12290.25
1674106200000,21.53,21.55,21.38,21.4,22430.99
1674107100000,21.41,21.47,21.39,21.45,9781.51
1674108000000,21.45,21.48,21.37,21.41,17540.65
1674108900000,21.41,21.44,21.33,21.43,15133.78
1674109800000,21.43,21.5,21.41,21.5,20287.52
1674110700000,21.5,21.53,21.37,21.39,41949.25
1674111600000,21.39,21.47,21.31,21.43,42507.14
1674112500000,21.44,21.46,21.33,21.4,35236.15
1674113400000,21.4,21.41,21.32,21.34,24832.44
1674114300000,21.35,21.41,21.26,21.3,23977.75
1674115200000,21.3,21.5,21.25,21.38,71811.45
1674116100000,21.38,21.41,21.24,21.28,27779.3
1674117000000,21.28,21.4,21.26,21.33,20002.86
1674117900000,21.33,21.4,21.22,21.23,36230.96
1674118800000,21.22,21.27,21.16,21.22,32133.35
1674119700000,21.22,21.29,21.19,21.2,15700.21
1674120600000,21.2,21.28,21.11,21.27,41078.26
1674121500000,21.27,21.39,21.26,21.32,27965.16
1674122400000,21.32,21.39,21.29,21.39,17220.04
1674123300000,21.39,21.44,21.21,21.21,44147.02
1674124200000,21.21,21.26,21.16,21.21,23989.16
1674125100000,21.21,21.31,21.19,21.29,27950.46
1674126000000,21.29,21.3,21.04,21.1,37496.14
1674126900000,21.1,21.13,20.92,20.97,74219.82
1674127800000,20.97,21.03,20.8,20.96,104274.61
1674128700000,20.96,21.03,20.91,20.93,47356.64
1674129600000,20.93,21.07,20.86,21.03,37183.13
1674130500000,21.04,21.07,21,21.04,17357.67
1674131400000,21.05,21.05,20.8,20.83,46701.61
1674132300000,20.82,20.88,20.67,20.85,102239.57
1674133200000,20.84,20.88,20.56,20.61,88881.19
1674134100000,20.6,20.81,20.41,20.8,176847.94
1674135000000,20.8,20.85,20.61,20.82,133701.02
1674135900000,20.82,20.94,20.74,20.82,92600.43
1674136800000,20.82,20.91,20.66,20.7,72185.49
1674137700000,20.7,20.81,20.56,20.78,78353.98
1674138600000,20.78,21.14,20.77,20.94,200817.03
1674139500000,20.94,21.02,20.83,20.97,102026.68
1674140400000,20.96,21.19,20.93,21.03,111797.7
1674141300000,21.02,21.17,20.95,21.01,122102.16
1674142200000,21.01,21.03,20.88,20.96,65687
1674143100000,20.96,21.17,20.88,21.07,222512.12
1674144000000,21.07,21.29,20.9,21.24,160363.58
1674144900000,21.23,21.28,21.15,21.18,85840.83
1674145800000,21.19,21.21,21.04,21.07,76788.48
1674146700000,21.07,21.22,21.03,21.16,74916.74
1674147600000,21.16,21.25,21.09,21.22,53370.3
1674148500000,21.22,21.29,21.15,21.17,57364.4
1674149400000,21.16,21.17,21.04,21.05,42401.15
1674150300000,21.05,21.11,20.86,20.97,84782.41
1674151200000,20.97,21.04,20.89,20.98,34040.07
1674152100000,20.99,21.07,20.94,20.99,48396.13
1674153000000,21,21.15,20.98,21.12,41658.68
1674153900000,21.12,21.21,21.09,21.2,45816.13
1674154800000,21.21,21.47,21.13,21.43,101200.23
1674155700000,21.43,21.7,21.42,21.61,147072.48
1674156600000,21.61,21.73,21.55,21.62,98492.15
1674157500000,21.64,21.74,21.6,21.65,65672.04
1674158400000,21.66,21.75,21.63,21.68,76531.72
1674159300000,21.69,21.88,21.67,21.7,126259.64
1674160200000,21.71,21.73,21.49,21.57,87280.14
1674161100000,21.58,21.65,21.58,21.61,47103.02
1674162000000,21.61,21.65,21.45,21.47,56421.3
1674162900000,21.47,21.53,21.43,21.5,26736.84
1674163800000,21.5,21.51,21.34,21.35,30686.86
1674164700000,21.36,21.42,21.31,21.32,31392.65
1674165600000,21.32,21.45,21.31,21.44,27027.56
1674166500000,21.44,21.49,21.35,21.37,31782.81
1674167400000,21.37,21.47,21.35,21.42,38849.4
1674168300000,21.42,21.49,21.39,21.43,15376.61
1674169200000,21.43,21.51,21.35,21.37,38300.51
1674170100000,21.37,21.44,21.33,21.43,19779.16
1674171000000,21.44,21.48,21.32,21.38,65024.3
1674171900000,21.39,21.47,21.34,21.4,26684.82
1674172800000,21.4,21.41,21.06,21.2,113760.46
1674173700000,21.2,21.33,21.07,21.29,73160.17
1674174600000,21.29,21.34,21.16,21.19,37422
1674175500000,21.2,21.23,21.12,21.12,39973.77
1674176400000,21.13,21.14,21.02,21.11,60355.7
1674177300000,21.12,21.34,21.12,21.33,58973.73
1674178200000,21.34,21.38,21.24,21.33,43228.85
1674179100000,21.33,21.56,21.31,21.48,58685.05
1674180000000,21.48,21.56,21.4,21.44,48934.77
1674180900000,21.44,21.63,21.43,21.57,52557.22
1674181800000,21.57,21.64,21.41,21.41,50396.53
1674182700000,21.42,21.43,21.28,21.29,29720.69
1674183600000,21.29,21.39,21.28,21.32,23765.89
1674184500000,21.32,21.36,21.25,21.33,18949.96
1674185400000,21.34,21.37,21.27,21.36,17160.42
1674186300000,21.36,21.38,21.3,21.33,26017.15
1674187200000,21.34,21.35,21.26,21.34,16398.14
1674188100000,21.35,21.41,21.33,21.39,21210.56
1674189000000,21.4,21.4,21.14,21.16,37957.24
1674189900000,21.17,21.22,21.04,21.07,52214.81
1674190800000,21.08,21.16,21.03,21.12,41197.39
1674191700000,21.13,21.2,21.02,21.07,33639
1674192600000,21.08,21.11,20.97,21.07,47122.22
1674193500000,21.08,21.14,21.03,21.06,25262.23
1674194400000,21.06,21.09,20.93,21.04,34724.33
1674195300000,21.04,21.08,20.96,21.06,22901.5
1674196200000,21.06,21.14,21.02,21.07,21264.2
1674197100000,21.07,21.09,20.99,21.02,23035.37
1674198000000,21.01,21.08,20.98,21,35566.9
1674198900000,21,21.2,20.96,21.16,57386.18
1674199800000,21.16,21.19,21.11,21.15,33943.12
1674200700000,21.16,21.16,21.04,21.07,22863.2
1674201600000,21.07,21.12,21,21.07,20654.2
1674202500000,21.08,21.12,20.96,21.02,32622.83
1674203400000,21.02,21.13,20.97,21.12,25390.76
1674204300000,21.12,21.13,21.04,21.1,14193.03
1674205200000,21.1,21.1,21,21.01,12242.4
1674206100000,21.02,21.13,20.98,21.1,25296.72
1674207000000,21.1,21.24,21.09,21.15,44139.49
1674207900000,21.15,21.23,21.13,21.15,32511.37
1674208800000,21.15,21.17,21.02,21.06,28684.4
1674209700000,21.07,21.08,21,21.03,20083.14
1674210600000,21.03,21.12,21.02,21.11,14063.88
1674211500000,21.11,21.2,21.1,21.17,40303.96
1674212400000,21.17,21.21,21.14,21.15,11659.33
1674213300000,21.15,21.21,21.1,21.16,16492.13
1674214200000,21.16,21.19,21.13,21.16,12461.49
1674215100000,21.16,21.19,21.13,21.14,12193.55
1674216000000,21.13,21.22,21.07,21.22,18072.8
1674216900000,21.22,21.38,21.18,21.36,67691.92
1674217800000,21.36,21.39,21.28,21.32,37743.93
1674218700000,21.33,21.47,21.3,21.32,44094.35
1674219600000,21.32,21.44,21.3,21.31,31603.95
1674220500000,21.32,21.36,21.27,21.28,28930.7
1674221400000,21.28,21.36,21.23,21.3,20436.82
1674222300000,21.31,21.33,21.22,21.26,18300.94
1674223200000,21.26,21.32,21.23,21.27,24564.86
1674224100000,21.27,21.35,21.25,21.34,31904.29
1674225000000,21.34,21.45,21.22,21.4,79593.51
1674225900000,21.41,21.46,21.32,21.43,48376.82
1674226800000,21.44,21.54,21.4,21.46,70884.98
1674227700000,21.46,21.52,21.38,21.43,64781.26
1674228600000,21.43,21.5,21.39,21.41,43887.95
1674229500000,21.41,21.45,21.38,21.42,22528.9
1674230400000,21.43,21.53,21.4,21.52,36359.3
1674231300000,21.52,21.56,21.48,21.53,39874.76
1674232200000,21.53,21.79,21.52,21.77,121600.97
1674233100000,21.77,22.25,21.71,22.03,267443.04
1674234000000,22.03,22.24,22.01,22.08,178348.65
1674234900000,22.08,22.25,22.07,22.15,150075.71
1674235800000,22.16,22.22,21.93,22.15,149826.27
1674236700000,22.15,22.58,22.13,22.5,266551.37
1674237600000,22.51,22.98,22.49,22.83,355373.32
1674238500000,22.82,22.93,22.64,22.66,155670.09
1674239400000,22.67,22.98,22.61,22.96,105832.61
1674240300000,22.97,22.98,22.85,22.9,100592.67
1674241200000,22.91,22.94,22.77,22.83,57265.85
1674242100000,22.83,22.93,22.77,22.88,56020.91
1674243000000,22.89,23.4,22.86,23.24,219099.66
1674243900000,23.23,23.36,23.08,23.29,188776.36
1674244800000,23.3,24,23.28,23.61,670306.21
1674245700000,23.61,23.85,23.57,23.69,237206.1
1674246600000,23.7,24.35,23.63,23.99,546930.83
1674247500000,24,24.25,23.88,24.1,321991.94
1674248400000,24.11,24.15,23.62,23.71,302712.27
1674249300000,23.71,23.99,23.69,23.94,162043.1
1674250200000,23.94,23.99,23.9,23.96,63373.41
1674251100000,23.96,24.51,23.82,24.26,216701.85
1674252000000,24.25,25.46,24.25,25.34,718522.83
1674252900000,25.34,25.75,24.97,25.16,536237.02
1674253800000,25.16,25.64,25,25.39,252014.48
1674254700000,25.39,25.43,25.15,25.22,95073.11
1674255600000,25.23,25.38,25.14,25.29,159252.71
1674256500000,25.29,25.66,25.25,25.45,259022.94
1674257400000,25.45,25.82,25.33,25.59,250563.11
1674258300000,25.6,25.65,25.48,25.51,115630.53
1674259200000,25.51,25.87,24.24,24.9,915696.32
1674260100000,24.91,25.28,24.58,25.17,378081.17
1674261000000,25.17,25.36,25.08,25.2,377212.8
1674261900000,25.21,25.24,24.89,24.91,304334.25
1674262800000,24.91,25.02,24.59,24.67,183167.98
1674263700000,24.66,25.04,24.66,24.9,106553.44
1674264600000,24.9,25.02,24.82,24.88,107760.32
1674265500000,24.88,24.97,24.85,24.86,57468.2
1674266400000,24.85,25.02,24.85,24.95,45120.7
1674267300000,24.95,25.25,24.93,25.11,106394.56
1674268200000,25.11,25.13,24.84,24.99,76490.36
1674269100000,24.98,25.01,24.73,24.89,102154.87
1674270000000,24.89,24.91,24.72,24.78,76692.16
1674270900000,24.8,24.94,24.79,24.89,57675.92
1674271800000,24.9,24.93,24.75,24.83,33411.17
1674272700000,24.83,24.91,24.78,24.83,50503.09
1674273600000,24.83,25.19,24.8,25.1,67116.93
1674274500000,25.09,25.22,25.04,25.12,114518.91
1674275400000,25.12,25.13,25.03,25.05,50076.47
1674276300000,25.06,25.09,24.92,24.97,35899.25
1674277200000,24.98,25.02,24.81,24.86,49468.92
1674278100000,24.86,25.01,24.86,24.99,29543.21
1674279000000,24.99,25,24.81,24.96,58919.97
1674279900000,24.95,24.95,24.72,24.77,90792.99
1674280800000,24.78,24.87,24.72,24.84,39409.2
1674281700000,24.84,24.97,24.82,24.92,32414.34
1674282600000,24.92,25.07,24.89,25.07,70785.86
1674283500000,25.07,25.33,25.03,25.32,166693.02
1674284400000,25.33,25.38,25.18,25.27,142946.55
1674285300000,25.28,25.38,25.19,25.23,94135.69
1674286200000,25.23,25.35,25.12,25.29,88550.56
1674287100000,25.29,25.73,25.26,25.54,323666.11
1674288000000,25.54,25.64,25.17,25.35,295259.9
1674288900000,25.36,25.36,25.18,25.23,140375.25
1674289800000,25.23,25.33,25.18,25.29,84966.75
1674290700000,25.3,25.3,24.8,25.06,153519.11
1674291600000,25.06,25.2,24.9,25.18,82929.97
1674292500000,25.19,25.2,25.01,25.1,48439.06
1674293400000,25.1,25.37,25.1,25.28,109311.12
1674294300000,25.28,25.49,25.18,25.42,158425.24
1674295200000,25.43,26.6,25.39,26.43,566789.28
1674296100000,26.43,26.45,24.82,25.05,711220.76
1674297000000,25.06,25.24,24.3,25.08,524235.88
1674297900000,25.08,25.18,24.81,25.09,164651.87
1674298800000,25.08,25.21,24.79,24.93,148498.11
1674299700000,24.93,25.3,24.89,25.16,141641.59
1674300600000,25.16,25.35,25.13,25.23,164351.82
1674301500000,25.22,25.4,25.13,25.2,182060.26
1674302400000,25.2,25.45,25.15,25.36,101620.52
1674303300000,25.36,25.45,25.26,25.34,90986.03
1674304200000,25.34,25.38,25.17,25.31,74802.91
1674305100000,25.31,25.44,25.23,25.38,62322.82
1674306000000,25.37,25.63,25.3,25.46,173444.14
1674306900000,25.46,25.47,25.23,25.39,131975.79
1674307800000,25.39,25.4,25.06,25.15,135779.41
1674308700000,25.15,25.37,25.08,25.28,109540.16
1674309600000,25.29,25.37,25.14,25.17,68296.57
1674310500000,25.16,25.23,25.04,25.23,108767.11
1674311400000,25.22,25.35,25.19,25.3,44221.49
1674312300000,25.29,25.35,25.13,25.19,157860.67
1674313200000,25.2,25.43,25.18,25.4,190370.35
1674314100000,25.4,25.48,25.32,25.43,153455.54
1674315000000,25.43,25.65,25.4,25.55,147621.92
1674315900000,25.55,25.57,25.07,25.23,307461.23
1674316800000,25.23,26.11,25.19,25.9,410995.56
1674317700000,25.9,25.93,25.24,25.46,239309.35
1674318600000,25.46,25.69,25.4,25.52,124847.08
1674319500000,25.52,25.64,25.39,25.47,105630.3
1674320400000,25.48,25.68,25.31,25.65,93124.95
1674321300000,25.64,25.7,25.47,25.52,68751.4
1674322200000,25.52,25.63,25.38,25.57,54944.54
1674323100000,25.56,25.58,25.15,25.41,146757.39
1674324000000,25.4,25.45,25.23,25.38,93416.84
1674324900000,25.37,25.39,25.24,25.27,49399.28
1674325800000,25.27,25.41,25.26,25.38,25706.01
1674326700000,25.37,25.48,25.35,25.45,28544.88
1674327600000,25.44,25.68,25.44,25.53,98726.43
1674328500000,25.54,25.83,25.53,25.64,87209.1
1674329400000,25.64,25.7,25.53,25.61,37462.2
1674330300000,25.62,25.72,25.6,25.63,46265.57
1674331200000,25.62,25.68,25.49,25.58,41838.17
1674332100000,25.58,25.61,25.45,25.48,43866.31
1674333000000,25.48,25.68,25.45,25.51,43673.48
1674333900000,25.52,25.62,25.46,25.47,31609.54
1674334800000,25.47,25.54,25.38,25.44,44129.36
1674335700000,25.43,25.49,25.38,25.47,21191.45
1674336600000,25.46,25.62,25.45,25.62,28117.7
1674337500000,25.61,25.64,25.53,25.59,16184.65
1674338400000,25.58,25.6,25.34,25.39,35856.69
1674339300000,25.39,25.43,25.24,25.27,46636.39
1674340200000,25.27,25.42,25.27,25.31,54956.82
1674341100000,25.3,25.31,24.8,24.81,75221.3
1674342000000,24.83,25.11,24.8,25.05,93139.75
1674342900000,25.05,25.05,24.52,24.73,185236.74
1674343800000,24.73,24.88,24.53,24.53,78220.57
1674344700000,24.53,24.74,24.52,24.57,63030.97
1674345600000,24.56,24.89,24.4,24.78,96599.26
1674346500000,24.78,24.96,24.69,24.9,75783.9
1674347400000,24.89,24.98,24.8,24.9,79267.38
1674348300000,24.91,24.97,24.86,24.94,39873.75
1674349200000,24.94,24.94,24.7,24.87,64788.86
1674350100000,24.87,25,24.83,24.9,57680.78
1674351000000,24.9,25.26,24.9,25,95054.79
1674351900000,25,25.32,24.86,25.15,89115.58
1674352800000,25.15,25.24,25.02,25.07,77978.57
1674353700000,25.07,25.12,24.91,24.94,48981.22
1674354600000,24.94,25.08,24.74,24.81,74015.75
1674355500000,24.81,24.96,24.75,24.88,68316.01
1674356400000,24.88,25.26,24.87,25.13,93087.06
1674357300000,25.12,25.16,24.9,25.03,40424.03
1674358200000,25.04,25.13,24.97,24.99,25379.25
1674359100000,24.99,25.01,24.92,25,25963
1674360000000,24.99,25.03,24.92,25.02,16251.73
1674360900000,25.01,25.08,24.98,25.05,25310.82
1674361800000,25.05,25.32,25.01,25.23,79224.34
1674362700000,25.22,25.45,25.2,25.26,77702.81
1674363600000,25.27,25.43,25.18,25.34,64936.3
1674364500000,25.33,25.35,25.14,25.16,51118.01
1674365400000,25.17,25.24,25.12,25.21,36321.32
1674366300000,25.2,25.21,25.09,25.17,40848.8
1674367200000,25.16,25.28,25.09,25.25,39029.84
1674368100000,25.25,25.37,25.22,25.29,40840.1
1674369000000,25.29,25.34,25.26,25.31,31500.82
1674369900000,25.31,25.32,25.21,25.25,29597.35
1674370800000,25.25,25.25,25.11,25.16,35406.91
1674371700000,25.16,25.26,25.11,25.15,123683.1
1674372600000,25.14,25.17,25.09,25.1,24935.09
1674373500000,25.1,25.22,25.09,25.13,26331.36
1674374400000,25.13,25.2,24.94,24.99,66136.3
1674375300000,24.99,25.08,24.82,25.04,69056.24
1674376200000,25.03,25.29,25,25.28,58849.34
1674377100000,25.28,25.32,25.16,25.25,51881.21
1674378000000,25.26,25.26,25.16,25.19,24233.16
1674378900000,25.19,25.25,25.15,25.19,23066.71
1674379800000,25.18,25.21,25.06,25.12,38572.53
1674380700000,25.12,25.18,25,25.07,43082.6
1674381600000,25.07,25.11,25.01,25.05,43598.82
1674382500000,25.04,25.11,25,25.04,31492.6
1674383400000,25.04,25.17,25.01,25.15,30968.64
1674384300000,25.15,25.21,25.09,25.11,42095.91
1674385200000,25.12,25.14,25.08,25.12,30726.45
1674386100000,25.12,25.13,24.82,24.84,143541.34
1674387000000,24.85,24.97,24.84,24.95,53308.53
1674387900000,24.96,25,24.77,24.9,58997.57
1674388800000,24.9,24.93,24.64,24.73,72698.41
1674389700000,24.74,24.83,24.7,24.72,36963.64
1674390600000,24.72,25.05,24.69,24.9,202899.01
1674391500000,24.9,25.02,24.85,25.02,67911.02
1674392400000,25.03,25.1,24.96,25.07,47669.67
1674393300000,25.07,25.11,24.96,25.08,30826.11
1674394200000,25.08,25.16,25.03,25.08,29609.94
1674395100000,25.08,25.18,25.07,25.08,25065.51
1674396000000,25.08,25.13,24.98,25.02,30399.63
1674396900000,25.02,25.17,25,25.17,34698
1674397800000,25.16,25.18,25.03,25.04,31111.19
1674398700000,25.04,25.26,24.97,25.21,92358.25
1674399600000,25.21,25.35,25.18,25.32,102610.63
1674400500000,25.32,25.42,24.75,24.93,303534.25
1674401400000,24.93,25.02,24.87,25,99867.34
1674402300000,25,25.14,24.92,24.97,73146.32
1674403200000,24.96,25.02,24.72,24.92,102859.85
1674404100000,24.93,25.07,24.93,25.05,66173.84
1674405000000,25.06,25.06,24.94,25.01,27962.1
1674405900000,25.02,25.06,24.95,24.99,35529.55
1674406800000,25,25.14,24.9,25.09,85566.29
1674407700000,25.08,25.15,25.01,25.12,68886.71
1674408600000,25.12,25.25,25.08,25.1,120298.97
1674409500000,25.1,25.19,25.1,25.17,31259.56
1674410400000,25.17,25.21,25.06,25.08,52980.32
1674411300000,25.08,25.1,24.99,25.04,45115.86
1674412200000,25.04,25.08,24.9,24.95,44704.76
1674413100000,24.94,24.97,24.86,24.94,23546.84
1674414000000,24.94,25.02,24.86,24.9,84780.43
1674414900000,24.91,24.95,24.83,24.92,78835.87
1674415800000,24.91,24.97,24.87,24.96,35340.55
1674416700000,24.97,24.97,24.86,24.9,38069.7
1674417600000,24.9,24.93,23.72,24.22,509159.03
1674418500000,24.23,24.45,24.14,24.14,155735.62
1674419400000,24.14,24.23,23.8,23.96,172345.85
1674420300000,23.96,24.03,23.5,23.87,169582.77
1674421200000,23.87,24.03,23.68,23.81,113686.3
1674422100000,23.81,23.99,23.68,23.98,88213.17
1674423000000,23.98,24.2,23.98,24.17,81782.64
1674423900000,24.17,24.28,24.06,24.2,55257.13
1674424800000,24.2,24.25,24.09,24.18,41069.8
1674425700000,24.17,24.2,24.01,24.02,40115.22
1674426600000,24.02,24.06,23.93,24,36624.28
1674427500000,24,24.23,23.94,24.21,42352.76
1674428400000,24.22,24.33,24.11,24.31,52121.77
1674429300000,24.3,24.31,24.15,24.18,40629.11
1674430200000,24.19,24.33,24.15,24.27,38578.56
1674431100000,24.25,24.27,24.18,24.21,31289.29
1674432000000,24.21,24.3,24.06,24.15,70013.21
1674432900000,24.15,24.45,24.12,24.43,118540.51
1674433800000,24.44,24.5,24.37,24.42,62513.58
1674434700000,24.42,24.44,24.32,24.32,44613.13
1674435600000,24.33,24.53,24.32,24.52,48938.91
1674436500000,24.52,24.65,24.47,24.64,54583.25
1674437400000,24.63,24.67,24.54,24.55,49056.15
1674438300000,24.55,24.65,24.42,24.46,48236.57
1674439200000,24.47,24.71,24.45,24.68,93377.29
1674440100000,24.68,24.85,24.6,24.71,159729.42
1674441000000,24.72,24.77,24.63,24.7,43230.75
1674441900000,24.71,24.83,24.7,24.78,31600.14
1674442800000,24.79,24.93,24.74,24.89,72652.68
1674443700000,24.9,24.9,24.63,24.7,56204.42
1674444600000,24.71,24.72,24.52,24.66,55551.69
1674445500000,24.66,24.67,24.51,24.53,19512.91
1674446400000,24.53,24.63,24.52,24.61,21819.46
1674447300000,24.62,24.64,24.53,24.55,19734.25
1674448200000,24.56,24.68,24.55,24.66,20955.86
1674449100000,24.66,24.77,24.64,24.76,27065.75
1674450000000,24.77,24.79,24.66,24.68,23071.66
1674450900000,24.68,24.69,24.6,24.67,16487.54
1674451800000,24.67,24.7,24.45,24.57,49281.7
1674452700000,24.57,24.61,24.45,24.48,35459.67
1674453600000,24.49,24.58,24.4,24.56,28928.38
1674454500000,24.57,24.66,24.55,24.58,16160.44
1674455400000,24.59,24.66,24.56,24.65,12871.33
1674456300000,24.65,24.75,24.62,24.66,30064.38
1674457200000,24.65,24.69,24.56,24.57,20977.63
1674458100000,24.57,24.61,24.33,24.52,54490.36
1674459000000,24.52,24.58,24.42,24.53,27896.72
1674459900000,24.53,24.55,24.43,24.46,19305.76
1674460800000,24.46,24.56,24.36,24.53,45165.41
1674461700000,24.53,24.55,24.15,24.27,88887.91
1674462600000,24.26,24.39,24.26,24.37,64733.14
1674463500000,24.37,24.42,24.29,24.34,23381.41
1674464400000,24.34,24.51,24.3,24.45,73234.51
1674465300000,24.44,24.55,24.42,24.55,40386.31
1674466200000,24.54,24.55,24.43,24.5,44234.44
1674467100000,24.51,24.54,24.43,24.52,23179.16
1674468000000,24.53,24.63,24.44,24.55,54288.42
1674468900000,24.56,24.8,24.51,24.66,144470.56
1674469800000,24.65,24.7,24.62,24.64,54895.01
1674470700000,24.65,24.73,24.62,24.64,46153.16
1674471600000,24.64,24.7,24.57,24.64,58524.55
1674472500000,24.64,24.7,24.55,24.55,45605.4
1674473400000,24.56,24.63,24.54,24.59,34121.07
1674474300000,24.59,24.64,24.55,24.62,38456.78
1674475200000,24.62,24.67,24.36,24.51,89066.06
1674476100000,24.51,24.61,24.46,24.46,50690.8
1674477000000,24.46,24.54,24.43,24.52,37606.08
1674477900000,24.52,24.66,24.5,24.55,57698.03
1674478800000,24.56,24.68,24.41,24.49,59793.7
1674479700000,24.49,24.56,24.36,24.38,70254.69
1674480600000,24.38,24.47,24.28,24.38,70977.11
1674481500000,24.38,24.39,23.94,24.14,218244.91
1674482400000,24.14,24.25,23.79,23.95,155919.58
1674483300000,23.96,24.17,23.96,24.13,100535.68
1674484200000,24.13,24.27,24.01,24.22,114560.13
1674485100000,24.22,24.7,23.7,23.99,409337.52
1674486000000,23.99,24.25,23.85,24.17,272123.33
1674486900000,24.17,24.38,24.12,24.34,110261.29
1674487800000,24.34,24.42,24.11,24.23,147518.95
1674488700000,24.24,24.33,24.17,24.17,109362.5
1674489600000,24.17,24.32,24.15,24.28,68775.74
1674490500000,24.28,24.36,24.14,24.14,53841.04
1674491400000,24.14,24.3,24.07,24.29,50853.37
1674492300000,24.28,24.4,24.28,24.38,38874.84
1674493200000,24.38,24.39,24.18,24.24,37459.88
1674494100000,24.24,24.33,24.23,24.28,35089.26
1674495000000,24.28,24.29,24.19,24.26,42359.87
1674495900000,24.26,24.67,24.2,24.67,159423.27
1674496800000,24.67,24.72,24.46,24.64,165412.82
1674497700000,24.63,24.68,24.54,24.64,66620.31
1674498600000,24.65,24.75,24.59,24.66,65253.94
1674499500000,24.67,24.68,24.39,24.45,62964.43
1674500400000,24.45,24.5,24.26,24.39,69149.05
1674501300000,24.38,24.38,24.05,24.17,94695.58
1674502200000,24.16,24.22,24.01,24.15,100186.91
1674503100000,24.15,24.2,23.96,24.18,92598.25
1674504000000,24.17,24.31,24.1,24.25,44464.34
1674504900000,24.24,24.28,24.03,24.12,46559.16
1674505800000,24.13,24.25,24.08,24.21,33276.64
1674506700000,24.21,24.34,24.18,24.33,54964.85
1674507600000,24.32,24.33,24.23,24.24,40954.8
1674508500000,24.25,24.32,24.2,24.3,29341.36
1674509400000,24.3,24.35,24.22,24.35,21192.56
1674510300000,24.35,24.35,24.25,24.33,13817.98
1674511200000,24.34,24.46,24.27,24.33,29153.03
1674512100000,24.33,24.48,24.32,24.46,29788.54
1674513000000,24.45,24.52,24.34,24.36,46176.38
1674513900000,24.37,24.4,24.29,24.38,19451.24
1674514800000,24.38,24.45,24.34,24.36,39030.28
1674515700000,24.37,24.41,24.3,24.4,14687.25
1674516600000,24.4,24.43,24.31,24.37,12879.11
1674517500000,24.38,24.41,24.31,24.33,14594.8
1674518400000,24.32,24.34,24.06,24.19,81714.15
1674519300000,24.19,24.37,24.12,24.32,31121.77
1674520200000,24.33,24.43,24.28,24.28,38497.79
1674521100000,24.28,24.29,24.12,24.25,28845.55
1674522000000,24.25,24.36,24.23,24.28,28318.76
1674522900000,24.28,24.33,24.12,24.16,24539.83
1674523800000,24.17,24.29,24.15,24.26,28026.41
1674524700000,24.26,24.63,24.26,24.6,120067.91
1674525600000,24.6,25.24,24.6,24.97,288251.32
1674526500000,24.96,25.15,24.95,25,70230.13
1674527400000,25,25.02,24.7,24.77,74058.79
1674528300000,24.77,24.99,24.77,24.85,66361.88
1674529200000,24.86,24.98,24.8,24.95,40901.88
1674530100000,24.94,25.07,24.9,24.96,76853.52
1674531000000,24.97,25.05,24.87,24.89,42383.33
1674531900000,24.9,25,24.88,24.99,26962.27
1674532800000,24.98,25,24.86,24.9,27652.81
1674533700000,24.9,24.93,24.81,24.88,18600.5
1674534600000,24.88,24.89,24.79,24.84,18254.72
1674535500000,24.84,24.86,24.69,24.78,37252.64
1674536400000,24.78,24.79,24.63,24.66,28504.28
1674537300000,24.66,24.74,24.65,24.72,30654.62
1674538200000,24.73,24.89,24.72,24.85,113741.56
1674539100000,24.85,24.88,24.76,24.86,50486.63
1674540000000,24.86,24.93,24.8,24.82,109713.2
1674540900000,24.81,24.86,24.79,24.82,46319.96
1674541800000,24.82,24.87,24.75,24.8,19307.55
1674542700000,24.8,24.87,24.76,24.85,71949.08
1674543600000,24.85,24.88,24.74,24.75,19415.5
1674544500000,24.75,24.83,24.72,24.77,25078.21
1674545400000,24.76,24.84,24.73,24.78,30174.33
1674546300000,24.77,24.83,24.73,24.78,25706.15
1674547200000,24.78,24.82,24.67,24.77,94884.05
1674548100000,24.77,24.87,24.77,24.85,30154.34
1674549000000,24.85,24.95,24.78,24.89,49325.17
1674549900000,24.88,24.9,24.79,24.8,26092.09
1674550800000,24.8,24.81,24.38,24.61,187870.3
1674551700000,24.61,24.66,24.54,24.6,51065.98
1674552600000,24.6,24.61,24.44,24.53,87217.75
1674553500000,24.52,24.57,24.48,24.53,31779.94
1674554400000,24.53,24.6,24.5,24.5,35170.97
1674555300000,24.51,24.58,24.42,24.56,62668.17
1674556200000,24.57,24.64,24.52,24.61,65127.85
1674557100000,24.61,24.63,24.54,24.54,40288.73
1674558000000,24.54,24.58,24.49,24.56,23829.79
1674558900000,24.56,24.59,24.49,24.53,38785.18
1674559800000,24.54,24.57,24.45,24.47,33717.08
1674560700000,24.48,24.49,24.29,24.46,76551.43
1674561600000,24.46,24.52,24.34,24.36,37322.88
1674562500000,24.36,24.54,24.35,24.54,39902.01
1674563400000,24.52,24.58,24.48,24.52,34494.71
1674564300000,24.53,24.53,24.45,24.45,17487.91
1674565200000,24.45,24.58,24.43,24.57,27773.63
1674566100000,24.58,24.58,24.49,24.5,18049.01
1674567000000,24.5,24.53,23.97,24.17,187210.06
1674567900000,24.17,24.3,24.15,24.23,80174.23
1674568800000,24.23,24.38,24.14,24.34,57885.93
1674569700000,24.35,24.35,24.14,24.22,67714.27
1674570600000,24.23,24.33,24.03,24.23,135035.78
1674571500000,24.23,24.49,24.17,24.29,113309.15
1674572400000,24.29,24.37,24.13,24.36,77577.7
1674573300000,24.37,24.45,24.29,24.43,44864.28
1674574200000,24.44,24.44,24.3,24.41,24205.22
1674575100000,24.41,24.48,24.38,24.48,31559.2
1674576000000,24.48,24.53,24.35,24.38,41295.56
1674576900000,24.38,24.52,24.33,24.51,35660.88
1674577800000,24.5,24.52,24.4,24.43,20072.76
1674578700000,24.43,24.44,24.22,24.3,34158.59
1674579600000,24.29,24.32,24.07,24.29,77674.05
1674580500000,24.29,24.35,24.25,24.28,24462.9
1674581400000,24.27,24.32,24.21,24.25,25242.85
1674582300000,24.25,24.29,24.23,24.29,16051.99
1674583200000,24.29,24.4,24.22,24.39,36169.13
1674584100000,24.39,24.46,24.32,24.38,43826.14
1674585000000,24.39,24.45,24.37,24.41,15236.86
1674585900000,24.41,24.46,24.38,24.41,22495.52
1674586800000,24.41,24.48,24.35,24.46,18067.59
1674587700000,24.45,24.48,24.41,24.43,16727.98
1674588600000,24.42,24.49,24.41,24.45,14313.22
1674589500000,24.45,24.52,24.42,24.46,13129.46
1674590400000,24.46,24.5,24.35,24.36,25068.39
1674591300000,24.36,24.36,24.26,24.3,30399.47
1674592200000,24.3,24.32,24.01,24.05,89638.97
1674593100000,24.06,24.26,24.05,24.25,36221.88
1674594000000,24.25,24.43,24.2,24.25,70429.07
1674594900000,24.26,24.32,24.24,24.26,16985.11
1674595800000,24.26,24.35,24.25,24.31,25270.16
1674596700000,24.31,24.31,23.63,23.96,251236.71
1674597600000,23.96,23.99,23.66,23.82,100455.25
1674598500000,23.83,23.96,22.25,22.59,434864.27
1674599400000,22.61,23.36,22.54,23.3,265987.81
1674600300000,23.3,23.4,22.98,22.99,98506.73
1674601200000,22.99,23.13,22.68,22.81,160071.74
1674602100000,22.82,22.92,22.48,22.89,233153.08
1674603000000,22.9,23,22.66,22.78,81053.58
1674603900000,22.79,22.89,22.69,22.78,78596.36
1674604800000,22.77,22.93,22.63,22.73,132244.36
1674605700000,22.73,22.8,22.44,22.55,170408.18
1674606600000,22.55,22.94,22.46,22.91,161971.94
1674607500000,22.9,22.99,22.8,22.8,73468.24
1674608400000,22.79,22.86,22.56,22.67,89322.28
1674609300000,22.67,22.69,22.24,22.36,190665.67
1674610200000,22.37,22.64,22.36,22.52,94751.92
1674611100000,22.53,22.58,22.46,22.55,45634.79
1674612000000,22.55,22.73,22.52,22.7,48059.19
1674612900000,22.69,22.77,22.65,22.76,33268.96
1674613800000,22.75,22.87,22.71,22.82,36209.74
1674614700000,22.82,22.84,22.7,22.71,50385.86
1674615600000,22.72,22.84,22.69,22.84,23037.49
1674616500000,22.83,22.91,22.82,22.9,26971.36
1674617400000,22.9,22.97,22.86,22.88,27472.51
1674618300000,22.89,22.95,22.83,22.93,18986.72
1674619200000,22.93,22.99,22.92,22.96,30448.23
1674620100000,22.96,23.05,22.89,23.01,29073.15
1674621000000,23.01,23.01,22.89,22.95,33469.47
1674621900000,22.95,23.03,22.91,22.92,35654.12
1674622800000,22.92,22.97,22.86,22.91,20105.6
1674623700000,22.91,23.05,22.88,23.04,26086.9
1674624600000,23.04,23.09,22.96,22.99,43105.41
1674625500000,22.98,23.02,22.95,23,25051.83
1674626400000,23,23.01,22.89,22.93,32368.63
1674627300000,22.93,23.16,22.93,23.15,56579.45
1674628200000,23.16,23.25,23.12,23.24,65663.48
1674629100000,23.23,23.3,23.18,23.27,49768.91
1674630000000,23.27,23.37,23.21,23.36,57481.61
1674630900000,23.36,23.43,23.31,23.4,114973.64
1674631800000,23.4,23.41,23.32,23.35,30748.76
1674632700000,23.34,23.37,23.26,23.27,36785.32
1674633600000,23.27,23.41,23.27,23.29,66616.26
1674634500000,23.28,23.29,23.16,23.18,54087.21
1674635400000,23.18,23.31,23.17,23.27,20363.58
1674636300000,23.27,23.29,23.19,23.2,18602.98
1674637200000,23.2,23.22,23.05,23.1,30783.41
1674638100000,23.1,23.15,22.98,23.13,45669.35
1674639000000,23.14,23.2,23.13,23.17,19818.71
1674639900000,23.16,23.17,23.02,23.04,29530.94
1674640800000,23.05,23.11,23,23.02,43990.4
1674641700000,23.02,23.13,22.99,23.07,38473.59
1674642600000,23.08,23.09,23,23.05,26192.46
1674643500000,23.06,23.28,23.04,23.21,43283.48
1674644400000,23.22,23.26,23.17,23.24,17582.14
1674645300000,23.24,23.26,23.19,23.23,13555.14
1674646200000,23.23,23.23,23.02,23.05,30941.88
1674647100000,23.05,23.17,23.03,23.13,25035.69
1674648000000,23.13,23.87,23.12,23.78,290417.73
1674648900000,23.78,23.83,23.58,23.68,118984.73
1674649800000,23.68,24.26,23.59,24.11,241587.44
1674650700000,24.12,24.36,24.05,24.29,160880.76
1674651600000,24.28,24.55,24.11,24.12,217281.88
1674652500000,24.12,24.22,23.96,24.21,102882.38
1674653400000,24.2,24.23,23.88,24.06,108431.59
1674654300000,24.05,24.06,23.8,23.84,89265.31
1674655200000,23.83,23.94,23.75,23.83,72127.18
1674656100000,23.84,23.9,23.53,23.59,87833.66
1674657000000,23.59,23.63,23.25,23.41,255199.66
1674657900000,23.41,23.59,23.07,23.1,166995.81
1674658800000,23.09,23.28,22.7,23.02,257119.6
1674659700000,23.01,23.2,22.91,23.17,169993.36
1674660600000,23.17,23.28,23.01,23.2,117683.45
1674661500000,23.2,23.39,23.19,23.32,94750.42
1674662400000,23.32,23.51,23.22,23.5,121991.68
1674663300000,23.5,23.66,23.42,23.57,101562.25
1674664200000,23.58,23.6,23.42,23.47,59167.86
1674665100000,23.48,23.6,23.36,23.55,46626.15
1674666000000,23.55,23.58,23.46,23.48,27557.94
1674666900000,23.49,23.54,23.29,23.31,48369.95
1674667800000,23.31,23.54,23.31,23.49,37121.74
1674668700000,23.48,23.59,23.48,23.55,28631.44
1674669600000,23.56,23.73,23.52,23.63,123602.64
1674670500000,23.64,23.65,23.53,23.6,21493.66
1674671400000,23.6,23.62,23.48,23.61,27212.87
1674672300000,23.61,23.79,23.58,23.77,35328.27
1674673200000,23.77,23.78,23.63,23.68,33930.41
1674674100000,23.69,23.73,23.6,23.67,28421.08
1674675000000,23.67,23.75,23.6,23.73,29241.82
1674675900000,23.73,23.76,23.65,23.73,43273.25
1674676800000,23.74,24.25,23.73,24.12,170007.92
1674677700000,24.12,24.16,23.86,24.08,89788.53
1674678600000,24.08,24.11,23.94,24.07,55902.18
1674679500000,24.08,24.24,24.01,24.19,60166.37
1674680400000,24.2,24.4,23.73,24.08,232536.52
1674681300000,24.08,24.25,23.86,24.2,91188.84
1674682200000,24.19,24.62,24.18,24.45,293338.21
1674683100000,24.45,25.05,24.45,24.91,291909.49
1674684000000,24.91,25.43,24.4,24.81,424161.63
1674684900000,24.81,24.95,24.66,24.72,145907.45
1674685800000,24.73,24.88,24.71,24.78,48909.64
1674686700000,24.78,24.79,24.04,24.2,235441.75
1674687600000,24.2,24.56,24.13,24.53,124452.56
1674688500000,24.53,24.61,24.36,24.58,63871.49
1674689400000,24.58,24.69,24.49,24.67,85782.44
1674690300000,24.67,24.72,24.48,24.52,119284.36
1674691200000,24.53,24.84,24.52,24.7,176445.85
1674692100000,24.7,24.74,24.44,24.46,95613.41
1674693000000,24.46,24.72,24.42,24.7,72190.24
1674693900000,24.7,24.81,24.64,24.75,112212.47
1674694800000,24.76,24.9,24.67,24.87,50671.8
1674695700000,24.86,25.08,24.86,24.93,91404.03
1674696600000,24.92,25.1,24.9,24.92,60551.15
1674697500000,24.92,24.93,24.73,24.77,47267.55
1674698400000,24.77,24.85,24.72,24.85,24798.66
1674699300000,24.85,24.89,24.74,24.74,21007.73
1674700200000,24.73,24.78,24.64,24.68,26264.08
1674701100000,24.67,24.81,24.57,24.76,52467.82
1674702000000,24.78,25.23,24.76,25.11,126071.67
1674702900000,25.1,25.11,24.9,24.96,45125.19
1674703800000,24.95,24.97,24.77,24.79,34700.32
1674704700000,24.79,24.86,24.74,24.8,24991.59
1674705600000,24.8,24.84,24.62,24.75,38242.05
1674706500000,24.75,24.76,24.67,24.71,30837.7
1674707400000,24.74,24.84,24.62,24.83,30788.79
1674708300000,24.83,24.91,24.73,24.74,24391.24
1674709200000,24.74,24.85,24.74,24.83,14021.23
1674710100000,24.84,24.84,24.73,24.84,13132.11
1674711000000,24.84,24.87,24.68,24.68,20276
1674711900000,24.69,24.86,24.65,24.81,20418.67
1674712800000,24.81,24.94,24.76,24.92,23144.55
1674713700000,24.93,24.94,24.24,24.43,253879.58
1674714600000,24.43,24.57,24.4,24.54,55162.48
1674715500000,24.55,24.65,24.54,24.6,37035.5
1674716400000,24.6,24.62,24.48,24.54,29992.89
1674717300000,24.53,24.54,24.44,24.5,34731.31
1674718200000,24.5,24.54,24.29,24.41,38921.41
1674719100000,24.41,24.48,24.3,24.34,42675.3
1674720000000,24.33,24.49,24.32,24.47,24953.38
1674720900000,24.46,24.5,24.34,24.38,24288.8
1674721800000,24.38,24.5,24.31,24.49,29377.72
1674722700000,24.5,24.56,24.48,24.48,22944.64
1674723600000,24.48,24.58,24.48,24.55,13659.98
1674724500000,24.55,24.57,24.36,24.41,20587.58
1674725400000,24.4,24.4,24.2,24.37,58404.22
1674726300000,24.37,24.43,24.32,24.38,25627.21
1674727200000,24.39,24.44,24.22,24.26,23448.31
1674728100000,24.27,24.36,24.15,24.35,47629.62
1674729000000,24.35,24.39,24.2,24.21,17184.74
1674729900000,24.22,24.28,24.06,24.25,70344.16
1674730800000,24.24,24.28,24.15,24.16,22720.78
1674731700000,24.16,24.34,24.16,24.32,26525.37
1674732600000,24.32,24.37,24.3,24.36,18476.6
1674733500000,24.35,24.37,24.28,24.32,16221.8
1674734400000,24.32,24.34,24.25,24.27,19832.01
1674735300000,24.27,24.46,24.25,24.44,30100.56
1674736200000,24.44,24.54,24.41,24.54,53395.24
1674737100000,24.53,24.59,24.47,24.52,49525.51
1674738000000,24.52,24.57,24.39,24.41,43494.39
1674738900000,24.41,24.46,24.36,24.41,32552.41
1674739800000,24.4,24.53,24.07,24.38,172172.02
1674740700000,24.37,25.04,24.33,24.92,171812.01
1674741600000,24.92,25.12,24.75,24.77,228078.29
1674742500000,24.78,24.95,24.71,24.92,122791.27
1674743400000,24.92,25.01,24.52,24.57,181648.2
1674744300000,24.57,24.74,24.41,24.58,142969.86
1674745200000,24.58,24.73,24.47,24.67,85595.55
1674746100000,24.67,24.84,24.66,24.75,58965.44
1674747000000,24.74,24.86,24.52,24.57,75141.61
1674747900000,24.56,24.58,24.12,24.26,197883.63
1674748800000,24.26,24.36,23.73,24.1,348752.51
1674749700000,24.1,24.3,24.08,24.28,117797.7
1674750600000,24.28,24.39,24.21,24.37,63006.48
1674751500000,24.37,24.39,24.19,24.3,47417.07
1674752400000,24.31,24.55,24.29,24.47,50771.55
1674753300000,24.46,24.48,24.33,24.44,28694.25
1674754200000,24.45,24.52,24.37,24.4,21574.05
1674755100000,24.39,24.46,24.3,24.34,62758.24
1674756000000,24.35,24.4,24.19,24.3,95832.73
1674756900000,24.31,24.53,24.29,24.52,35013.59
1674757800000,24.51,24.72,24.5,24.61,80159.4
1674758700000,24.61,24.65,24.46,24.51,25175.54
1674759600000,24.51,24.64,24.41,24.46,51124.92
1674760500000,24.46,24.55,24.37,24.51,17136.8
1674761400000,24.51,24.61,24.48,24.55,19794.59
1674762300000,24.55,24.59,24.39,24.46,72012.18
1674763200000,24.45,24.51,24.38,24.48,17831.63
1674764100000,24.49,24.54,24.42,24.49,29241.17
1674765000000,24.48,24.58,24.45,24.46,50122.09
1674765900000,24.47,24.61,24.39,24.6,24912.83
1674766800000,24.6,24.61,24.24,24.26,65714.08
1674767700000,24.27,24.41,24.21,24.39,32995.73
1674768600000,24.39,24.45,24.33,24.39,16558.08
1674769500000,24.4,24.48,24.39,24.43,13427.06
1674770400000,24.43,24.52,24.33,24.52,36136.61
1674771300000,24.52,24.54,24.42,24.44,11519.97
1674772200000,24.43,24.45,24.35,24.36,18485.8
1674773100000,24.35,24.39,24.29,24.31,18231.98
1674774000000,24.31,24.37,24.24,24.25,12449.52
1674774900000,24.26,24.4,24.2,24.33,28914.77
1674775800000,24.33,24.4,24.28,24.33,19489.17
1674776700000,24.33,24.37,24.3,24.33,19564.73
1674777600000,24.33,24.53,24.26,24.43,42896.16
1674778500000,24.43,24.44,24.01,24.04,121860.43
1674779400000,24.04,24.22,24,24.14,46342.53
1674780300000,24.15,24.19,23.86,23.94,81760.55
1674781200000,23.93,24.01,23.89,23.98,40751.26
1674782100000,23.98,24.04,23.84,23.95,48208.41
1674783000000,23.95,24.01,23.27,23.66,289878.98
1674783900000,23.66,23.81,23.53,23.61,105520.63
1674784800000,23.6,23.76,23.52,23.71,119513.71
1674785700000,23.71,23.75,23.63,23.7,33039.23
1674786600000,23.69,23.85,23.69,23.82,62027.3
1674787500000,23.82,23.84,23.77,23.83,16201.35
1674788400000,23.83,23.9,23.82,23.82,19852.2
1674789300000,23.83,23.9,23.8,23.86,11474.88
1674790200000,23.87,23.92,23.78,23.79,13053.99
1674791100000,23.8,23.81,23.7,23.73,21009.47
1674792000000,23.73,23.76,23.66,23.7,17602.22
1674792900000,23.7,23.83,23.69,23.82,14694.24
1674793800000,23.82,23.82,23.76,23.79,12305.09
1674794700000,23.78,23.79,23.71,23.72,9715.91
1674795600000,23.71,23.79,23.71,23.73,10987.05
1674796500000,23.73,23.78,23.7,23.75,12126.03
1674797400000,23.76,23.87,23.75,23.87,23728.87
1674798300000,23.88,24.05,23.84,23.99,47913.54
1674799200000,23.99,24,23.9,23.93,18027.42
1674800100000,23.93,24.01,23.91,24.01,11709.38
1674801000000,24.01,24.03,23.93,23.96,18548.71
1674801900000,23.96,23.96,23.88,23.92,19304.09
1674802800000,23.93,23.95,23.81,23.82,16082.18
1674803700000,23.83,23.83,23.74,23.83,20059.7
1674804600000,23.84,23.95,23.82,23.94,23081.98
1674805500000,23.93,24.04,23.9,24.03,19296.15
1674806400000,24.03,24.04,23.91,23.92,29580.36
1674807300000,23.93,23.94,23.87,23.91,33457.02
1674808200000,23.91,24,23.84,23.93,73340.05
1674809100000,23.92,23.92,23.79,23.82,72521.07
1674810000000,23.81,23.84,23.74,23.84,26548.98
1674810900000,23.84,23.87,23.72,23.74,26309.15
1674811800000,23.73,23.88,23.73,23.87,24114.12
1674812700000,23.86,23.91,23.81,23.84,20195.49
1674813600000,23.85,23.85,23.75,23.78,19664.36
1674814500000,23.77,23.84,23.76,23.83,22173.83
1674815400000,23.83,23.86,23.78,23.79,9806.93
1674816300000,23.79,23.79,23.57,23.69,95735.91
1674817200000,23.69,23.72,23.59,23.62,57594.61
1674818100000,23.63,23.72,23.61,23.7,24336.37
1674819000000,23.7,23.73,23.65,23.72,17818.25
1674819900000,23.72,23.75,23.67,23.7,23059
1674820800000,23.7,23.83,23.67,23.82,24823.58
1674821700000,23.81,23.82,23.7,23.7,16323.16
1674822600000,23.7,23.76,23.64,23.65,17640.68
1674823500000,23.65,23.74,23.58,23.61,60951.29
1674824400000,23.6,23.73,23.59,23.7,40180.24
1674825300000,23.7,23.7,23.32,23.49,100486.69
1674826200000,23.5,23.88,23.41,23.72,155177.2
1674827100000,23.73,23.73,23.5,23.61,64776.85
1674828000000,23.62,23.64,23.51,23.58,24340.17
1674828900000,23.58,23.61,23.42,23.5,127586.71
1674829800000,23.5,23.71,23.46,23.66,68640.15
1674830700000,23.67,24,23.66,23.86,102693.98
1674831600000,23.87,24.18,23.8,24.15,135590.68
1674832500000,24.15,24.2,23.98,24.1,83095.73
1674833400000,24.09,24.14,23.96,24.1,53838.85
1674834300000,24.1,24.13,23.74,23.83,117405.76
1674835200000,23.82,23.94,23.81,23.91,45885.59
1674836100000,23.91,24.15,23.9,24.09,55316.98
1674837000000,24.1,24.15,24.04,24.13,35298.76
1674837900000,24.13,24.19,24.08,24.14,26014.65
1674838800000,24.14,24.28,24.14,24.25,52973.3
1674839700000,24.26,24.4,24.25,24.26,66892.94
1674840600000,24.26,24.41,24.18,24.31,104314.22
1674841500000,24.31,24.58,24.3,24.5,92400.32
1674842400000,24.5,24.59,24.36,24.46,69997.04
1674843300000,24.45,24.46,24.3,24.36,34568.16
1674844200000,24.36,24.5,24.32,24.46,32425.31
1674845100000,24.47,24.49,24.36,24.42,16809.27
1674846000000,24.43,24.46,24.36,24.37,22940.57
1674846900000,24.37,24.42,24.33,24.36,14133.65
1674847800000,24.36,24.46,24.35,24.38,20175.92
1674848700000,24.39,24.49,24.38,24.48,26731.71
1674849600000,24.48,24.96,24.48,24.62,223568.41
1674850500000,24.62,24.73,24.51,24.68,62325.04
1674851400000,24.68,24.7,24.6,24.61,37689.87
1674852300000,24.6,24.6,24.21,24.34,127562.55
1674853200000,24.34,24.46,24.27,24.44,41672.29
1674854100000,24.44,24.49,24.38,24.4,33819.83
1674855000000,24.4,24.54,24.4,24.5,32459.75
1674855900000,24.5,24.53,24.32,24.37,31423.93
1674856800000,24.37,24.41,24.11,24.23,69438.5
1674857700000,24.23,24.28,24.15,24.28,21249.1
1674858600000,24.28,24.29,24.05,24.07,39962.24
1674859500000,24.08,24.15,24.01,24.11,22665.01
1674860400000,24.12,24.22,24.11,24.17,41944.08
1674861300000,24.17,24.28,24.17,24.28,21022.12
1674862200000,24.27,24.39,24.24,24.32,33722.41
1674863100000,24.32,24.46,24.32,24.43,33271.38
1674864000000,24.43,24.54,24.29,24.3,36260.22
1674864900000,24.3,24.54,24.29,24.53,40648.09
1674865800000,24.52,24.77,24.49,24.76,92543.77
1674866700000,24.77,24.78,24.6,24.7,43882.18
1674867600000,24.7,24.76,24.55,24.63,37091.42
1674868500000,24.63,24.88,24.57,24.64,76685.53
1674869400000,24.65,24.78,24.51,24.68,44522.8
1674870300000,24.68,24.75,24.55,24.57,25671.28
1674871200000,24.57,24.64,24.44,24.48,32363.61
1674872100000,24.48,24.54,24.35,24.41,40026.33
1674873000000,24.4,24.52,24.4,24.5,18702.66
1674873900000,24.5,24.55,24.36,24.38,18614.69
1674874800000,24.38,24.45,24.38,24.39,12345.96
1674875700000,24.39,24.46,24.38,24.39,15191.06
1674876600000,24.39,24.5,24.38,24.47,12346.67
1674877500000,24.48,24.57,24.47,24.5,22921.53
1674878400000,24.52,24.66,24.5,24.62,51131.39
1674879300000,24.61,24.65,24.52,24.62,18360.54
1674880200000,24.63,24.66,24.55,24.62,26889.19
1674881100000,24.62,24.67,24.57,24.64,27688.36
1674882000000,24.64,25.24,24.59,25.01,249058.73
1674882900000,25.01,25.02,24.67,24.75,96325.62
1674883800000,24.75,24.75,24.54,24.58,36651.22
1674884700000,24.58,24.65,24.52,24.6,38631.33
1674885600000,24.6,24.67,24.51,24.52,20270.8
1674886500000,24.51,24.57,24.32,24.39,53358.17
1674887400000,24.38,24.45,24.35,24.4,22591.84
1674888300000,24.41,24.5,24.39,24.47,24833.42
1674889200000,24.46,24.5,24.39,24.44,19486.56
1674890100000,24.44,24.44,24.22,24.23,53747.7
1674891000000,24.23,24.38,24.17,24.37,44999.13
1674891900000,24.37,24.38,24.3,24.35,21498.21
1674892800000,24.36,24.43,24.3,24.32,27572.8
1674893700000,24.31,24.34,24.24,24.28,20283.15
1674894600000,24.28,24.39,24.28,24.32,25124.75
1674895500000,24.32,24.43,24.32,24.34,25597.39
1674896400000,24.33,24.43,24.29,24.35,41828.81
1674897300000,24.35,24.45,24.26,24.42,59767.27
1674898200000,24.43,24.46,24.35,24.45,13545.02
1674899100000,24.45,24.47,24.34,24.4,20437.76
1674900000000,24.39,24.45,24.34,24.4,12749.14
1674900900000,24.39,24.4,24.28,24.35,40663.95
1674901800000,24.35,24.4,24.32,24.36,20090.9
1674902700000,24.37,24.37,24.25,24.25,17869.33
1674903600000,24.24,24.31,24.19,24.2,33629.22
1674904500000,24.19,24.23,24.18,24.23,58583.77
1674905400000,24.22,24.32,24.2,24.31,42588.63
1674906300000,24.32,24.33,24.27,24.3,12538.47
1674907200000,24.3,24.31,24.2,24.29,21218.8
1674908100000,24.29,24.29,24.1,24.25,61338.21
1674909000000,24.25,24.3,24.12,24.24,31562.1
1674909900000,24.24,24.29,24.2,24.24,23997.7
1674910800000,24.24,24.24,23.8,24.07,220830.31
1674911700000,24.06,24.06,23.7,23.92,139606.29
1674912600000,23.92,24,23.85,23.92,60273.69
1674913500000,23.93,24.02,23.9,23.99,39841.47
1674914400000,23.99,24.03,23.9,23.93,37581.65
1674915300000,23.93,24.06,23.9,24.05,28347.3
1674916200000,24.05,24.06,23.98,24.01,19983.7
1674917100000,24.01,24.02,23.81,23.85,31145.5
1674918000000,23.86,24.13,23.77,24.12,69353.54
1674918900000,24.12,24.17,24.05,24.06,43497
1674919800000,24.07,24.18,24,24.17,32403.31
1674920700000,24.17,24.2,24.1,24.17,19895.35
1674921600000,24.16,24.22,24.12,24.19,28099.4
1674922500000,24.19,24.22,24.13,24.17,21313.66
1674923400000,24.16,24.21,24.09,24.17,17165.96
1674924300000,24.17,24.19,24.08,24.16,25075.1
1674925200000,24.15,24.22,24.06,24.11,21298.39
1674926100000,24.12,24.12,23.93,24.08,31483.77
1674927000000,24.07,24.11,23.98,24.07,23715.55
1674927900000,24.07,24.16,24.06,24.14,13961.44
1674928800000,24.14,24.16,24.06,24.07,15356.31
1674929700000,24.07,24.1,24.02,24.04,13955.83
1674930600000,24.04,24.05,23.94,23.96,26942.84
1674931500000,23.95,24.02,23.94,23.99,8807.67
1674932400000,23.99,24.14,23.98,24.12,11528.65
1674933300000,24.12,24.16,24.06,24.12,17555.23
1674934200000,24.12,24.13,24.08,24.09,7723.91
1674935100000,24.09,24.14,24.08,24.12,15402.12
1674936000000,24.12,24.13,24.02,24.09,22564.62
1674936900000,24.09,24.09,23.97,23.97,9542.61
1674937800000,23.97,24,23.86,23.93,39588.46
1674938700000,23.92,23.95,23.8,23.82,72752.12
1674939600000,23.81,23.96,23.77,23.96,41583.28
1674940500000,23.96,23.96,23.86,23.89,16485.08
1674941400000,23.89,23.97,23.88,23.93,11084.63
1674942300000,23.93,23.96,23.89,23.92,11043.66
1674943200000,23.92,23.95,23.84,23.93,21697.29
1674944100000,23.93,23.96,23.86,23.88,17257.81
1674945000000,23.89,23.93,23.81,23.89,21902.7
1674945900000,23.89,23.94,23.86,23.86,10462.9
1674946800000,23.85,23.87,23.77,23.85,20526.46
1674947700000,23.84,23.91,23.84,23.91,6980.41
1674948600000,23.91,23.93,23.88,23.91,10417.91
1674949500000,23.9,24.03,23.87,24,15522.04
1674950400000,24,24.01,23.84,23.84,20355.12
1674951300000,23.84,23.92,23.73,23.92,40723.86
1674952200000,23.92,24.45,23.91,24.28,183958.87
1674953100000,24.27,24.39,24.19,24.28,38771.38
1674954000000,24.29,24.51,24.29,24.45,72041
1674954900000,24.45,24.69,24.28,24.47,244668.9
1674955800000,24.47,24.53,24.37,24.4,42159.96
1674956700000,24.4,24.52,24.28,24.31,41750.68
1674957600000,24.31,24.43,24,24.08,99206.95
1674958500000,24.07,24.2,24.07,24.14,33776.31
1674959400000,24.14,24.19,24.11,24.15,14817.42
1674960300000,24.15,24.18,23.86,24.04,50949.94
1674961200000,24.04,24.06,23.91,23.95,26884.74
1674962100000,23.94,24.03,23.93,24.01,22718.73
1674963000000,24.01,24.07,23.99,24.02,17622.94
1674963900000,24.04,24.13,24.02,24.13,29249.5
1674964800000,24.13,24.14,24.03,24.07,24101.06
1674965700000,24.06,24.1,24.01,24.04,14471.04
1674966600000,24.04,24.1,24.03,24.08,11002.65
1674967500000,24.08,24.14,24.06,24.1,15696.37
1674968400000,24.11,24.13,24.08,24.09,10811.89
1674969300000,24.08,24.12,24.05,24.1,14273.93
1674970200000,24.09,24.13,24.06,24.12,11328.43
1674971100000,24.12,24.18,24.07,24.16,14472.46
1674972000000,24.17,24.19,24.12,24.13,13597.46
1674972900000,24.13,24.15,24.09,24.09,7605.25
1674973800000,24.1,24.17,24.1,24.14,9136.16
1674974700000,24.15,24.16,24.07,24.09,7658.19
1674975600000,24.09,24.13,24.07,24.1,9849.51
1674976500000,24.1,24.14,24.07,24.08,14494.54
1674977400000,24.08,24.13,24.05,24.1,15436.15
1674978300000,24.1,24.17,24.1,24.14,16209.1
1674979200000,24.14,24.21,24.13,24.15,29763.52
1674980100000,24.15,24.17,24.09,24.1,7534.51
1674981000000,24.09,24.14,24.08,24.12,11949.74
1674981900000,24.11,24.13,24.06,24.1,11930.66
1674982800000,24.09,24.15,24.07,24.14,8868.72
1674983700000,24.14,24.29,24.13,24.23,27520.41
1674984600000,24.25,24.32,24.2,24.31,35203
1674985500000,24.3,24.31,24.21,24.27,19990.82
1674986400000,24.28,24.39,24.26,24.33,54088.33
1674987300000,24.32,24.42,24.32,24.39,40486.7
1674988200000,24.39,24.44,24.32,24.38,35896.83
1674989100000,24.38,24.42,24.35,24.4,21538.18
1674990000000,24.41,24.51,24.17,24.36,99794.2
1674990900000,24.35,24.35,24.25,24.32,15956.02
1674991800000,24.32,24.33,24.27,24.29,11402.41
1674992700000,24.29,24.36,24.29,24.36,15780.59
1674993600000,24.36,24.36,24.27,24.27,19925.51
1674994500000,24.27,24.33,24.2,24.3,24365.94
1674995400000,24.32,24.48,24.3,24.47,47102.1
1674996300000,24.47,24.68,24.47,24.51,130125.56
1674997200000,24.5,24.75,24.47,24.61,109854.37
1674998100000,24.61,24.73,24.58,24.68,58612.13
1674999000000,24.69,24.7,24.51,24.57,50647.05
1674999900000,24.57,24.6,24.49,24.51,46834.01
1675000800000,24.5,24.62,24.48,24.6,40799.76
1675001700000,24.6,24.61,24.37,24.48,59187.6
1675002600000,24.48,24.55,24.45,24.55,33122.48
1675003500000,24.54,24.65,24.52,24.6,87868.75
1675004400000,24.6,24.79,24.58,24.71,85225.2
1675005300000,24.72,24.73,24.63,24.72,41595.28
1675006200000,24.71,24.76,24.66,24.74,23053.76
1675007100000,24.74,24.77,24.65,24.69,24244.41
1675008000000,24.68,24.73,24.59,24.66,29812.95
1675008900000,24.66,24.78,24.64,24.65,34735.53
1675009800000,24.65,24.7,24.46,24.7,72325.2
1675010700000,24.7,25.16,24.67,25.03,274112.9
1675011600000,25.03,25.74,25.02,25.49,598793.26
1675012500000,25.49,26.5,25.4,26.18,724211.66
1675013400000,26.17,26.46,26.09,26.35,351274.76
1675014300000,26.35,26.39,26.17,26.27,159620.24
1675015200000,26.28,26.58,25.86,26.05,424666.49
1675016100000,26.06,26.1,25.93,26.06,148856.31
1675017000000,26.05,26.13,25.81,25.86,188395.87
1675017900000,25.86,26.07,25.81,26.01,128563.29
1675018800000,26.01,26.3,25.98,26.26,168772.06
1675019700000,26.27,26.33,26.1,26.21,188403.64
1675020600000,26.21,26.43,26.18,26.41,222708.6
1675021500000,26.42,26.45,26.22,26.32,91210.92
1675022400000,26.32,26.8,25.95,26.5,438047.1
1675023300000,26.5,26.59,26.21,26.31,104284.07
1675024200000,26.31,26.33,26.19,26.25,56467.54
1675025100000,26.25,26.26,25.94,26.05,144747.16
1675026000000,26.04,26.24,26.02,26.18,93397.41
1675026900000,26.19,26.26,26.12,26.24,37068.76
1675027800000,26.23,26.39,26.22,26.33,47078.61
1675028700000,26.34,26.42,26.28,26.39,34512.07
1675029600000,26.38,26.51,26.29,26.34,92781.71
1675030500000,26.33,26.4,26.21,26.32,74892.25
1675031400000,26.31,26.44,26.28,26.38,67684.98
1675032300000,26.38,26.38,26.09,26.27,65120.36
1675033200000,26.27,26.48,26.26,26.38,62721.15
1675034100000,26.39,26.39,26.13,26.13,64551.63
1675035000000,26.13,26.23,26.1,26.13,35072.42
1675035900000,26.13,26.18,26.01,26.07,40946.26
1675036800000,26.07,26.27,25.93,26.16,114433.1
1675037700000,26.17,26.2,25.98,26.15,59496.56
1675038600000,26.14,26.26,26.14,26.25,45894.77
1675039500000,26.26,26.26,26.17,26.24,44610.05
1675040400000,26.23,26.31,26.06,26.07,45698.17
1675041300000,26.07,26.08,25.61,25.82,204387.82
1675042200000,25.82,25.82,25.62,25.77,61332.86
1675043100000,25.78,25.8,25.66,25.69,42824.17
1675044000000,25.68,25.71,25.35,25.38,114552.16
1675044900000,25.38,25.53,25.37,25.45,31900.24
1675045800000,25.46,25.46,25.21,25.3,89304.65
1675046700000,25.3,25.35,25.21,25.33,147893.89
1675047600000,25.34,25.4,25.22,25.38,37395.63
1675048500000,25.39,25.44,25.34,25.34,29132.31
1675049400000,25.35,25.47,25.33,25.46,15578.91
1675050300000,25.46,25.46,25.35,25.45,19480.63
1675051200000,25.46,25.61,25.43,25.52,91324.66
1675052100000,25.51,25.58,25.45,25.55,41735.35
1675053000000,25.55,25.56,25.48,25.5,24152.48
1675053900000,25.49,25.5,25.38,25.47,40435.19
1675054800000,25.48,25.48,25.37,25.38,53328.61
1675055700000,25.38,25.45,25.37,25.41,7806.33
1675056600000,25.41,25.58,25.38,25.55,23309.75
1675057500000,25.54,25.6,25.5,25.59,19253.13
1675058400000,25.58,25.59,25.5,25.54,19481.63
1675059300000,25.55,25.57,25.48,25.51,21881.98
1675060200000,25.5,25.52,25.37,25.42,35871.47
1675061100000,25.42,25.47,25.41,25.42,15900.8
1675062000000,25.41,25.51,25.38,25.43,36103.46
1675062900000,25.43,25.44,25.25,25.3,60233.34
1675063800000,25.29,25.38,25.27,25.35,28750.29
1675064700000,25.36,25.39,25.32,25.38,20200.54
1675065600000,25.37,25.53,25.32,25.5,41558.74
1675066500000,25.5,25.53,25.23,25.25,80194.24
1675067400000,25.24,25.32,25.11,25.24,69387.73
1675068300000,25.24,25.31,25.08,25.16,40080.06
1675069200000,25.15,25.21,24.02,24.16,798840
1675070100000,24.15,24.47,24.08,24.3,294728.34
1675071000000,24.3,24.38,24.08,24.1,162022.87
1675071900000,24.09,24.18,23.8,24.02,262690.8
1675072800000,24.02,24.18,23.77,24.17,174110.56
1675073700000,24.17,24.22,24.08,24.15,68454.3
1675074600000,24.15,24.2,24.11,24.15,45041.4
1675075500000,24.16,24.21,24.1,24.18,58966.55
1675076400000,24.18,24.24,24.13,24.2,61237.81
1675077300000,24.19,24.22,24.12,24.21,33799.58
1675078200000,24.21,24.24,24.01,24.2,90876.94
1675079100000,24.2,24.25,23.99,24.02,69515.7
1675080000000,24.01,24.21,23.86,24.19,148545.78
1675080900000,24.19,24.22,24.08,24.13,76107.52
1675081800000,24.14,24.16,23.97,24.07,80757.34
1675082700000,24.06,24.16,24.03,24.11,36862.22
1675083600000,24.11,24.33,24.07,24.3,129875.07
1675084500000,24.3,24.34,24.27,24.33,27191.92
1675085400000,24.33,24.41,24.26,24.34,46023.53
1675086300000,24.34,24.35,24.24,24.24,46510.08
1675087200000,24.24,24.5,24.18,24.49,60600.3
1675088100000,24.49,24.59,24.43,24.5,92894.49
1675089000000,24.5,24.6,24.44,24.55,64985.5
1675089900000,24.55,24.73,24.55,24.72,124831.66
1675090800000,24.72,24.77,24.54,24.55,57608.15
1675091700000,24.56,24.56,24.38,24.47,59181.76
1675092600000,24.46,24.52,24.22,24.35,81457.66
1675093500000,24.34,24.44,24.3,24.38,101705.78
1675094400000,24.37,24.44,24.22,24.39,127356.43
1675095300000,24.39,24.49,24.29,24.38,53133.39
1675096200000,24.38,24.42,24.29,24.32,26216.78
1675097100000,24.33,24.4,24.23,24.34,29170.27
1675098000000,24.34,24.5,24.32,24.49,33947.5
1675098900000,24.49,24.64,24.25,24.37,133328.46
1675099800000,24.36,24.39,24.26,24.34,34098.89
1675100700000,24.33,24.35,24.2,24.28,30044.74
1675101600000,24.27,24.27,24.05,24.27,94131.14
1675102500000,24.27,24.38,24.19,24.23,88487.35
1675103400000,24.23,24.3,24.1,24.16,104244.54
1675104300000,24.16,24.2,24.1,24.19,66393.22
1675105200000,24.19,24.19,23.11,23.53,410323.55
1675106100000,23.54,23.76,23.46,23.66,169151.96
1675107000000,23.65,23.7,23.39,23.48,200375.09
1675107900000,23.48,23.62,23.43,23.6,47441.46
1675108800000,23.59,23.64,23.53,23.59,38802.79
1675109700000,23.58,23.59,23.34,23.51,98360.63
1675110600000,23.51,23.63,23.5,23.58,40467.63
1675111500000,23.59,23.62,23.47,23.6,34594.24
1675112400000,23.6,23.83,23.58,23.79,42915.98
1675113300000,23.79,23.85,23.72,23.81,27864.63
1675114200000,23.82,23.89,23.79,23.81,37340.96
1675115100000,23.81,23.84,23.7,23.8,42207.27
1675116000000,23.8,23.82,23.62,23.75,38772.65
1675116900000,23.75,23.81,23.58,23.64,45830.6
1675117800000,23.64,23.72,23.45,23.69,51722.06
1675118700000,23.69,23.8,23.66,23.76,28211.53
1675119600000,23.77,23.82,23.72,23.76,22123.48
1675120500000,23.75,23.9,23.73,23.87,28324.5
1675121400000,23.87,24.01,23.83,23.99,52291.14
1675122300000,23.98,23.99,23.89,23.96,24445.95
1675123200000,23.97,23.98,23.74,23.75,57915.51
1675124100000,23.75,23.92,23.73,23.79,26693.07
1675125000000,23.79,23.79,23.66,23.78,40073.96
1675125900000,23.78,23.98,23.77,23.95,36799.1
1675126800000,23.95,23.98,23.88,23.95,33303.14
1675127700000,23.95,24.05,23.87,23.94,41132.77
1675128600000,23.93,24.17,23.8,24.14,80575.19
1675129500000,24.14,24.23,24.11,24.19,67193.16
1675130400000,24.18,24.28,24.12,24.24,61210.11
1675131300000,24.24,24.24,24.17,24.23,24601.25
1675132200000,24.23,24.24,24.15,24.16,11598.85
1675133100000,24.16,24.19,24.05,24.07,22012.28
1675134000000,24.08,24.12,24.04,24.07,13953.29
1675134900000,24.07,24.08,23.99,24.04,20093.64
1675135800000,24.04,24.09,23.99,24.01,12424.33
1675136700000,24,24.05,23.96,24.01,18558.85
1675137600000,24.02,24.06,23.89,23.89,24710.94
1675138500000,23.9,24,23.89,23.99,11594.42
1675139400000,23.99,24.09,23.98,23.98,18660.53
1675140300000,23.99,24.05,23.98,24.05,12904.13
1675141200000,24.04,24.09,24,24.09,10052.71
1675142100000,24.09,24.11,24.05,24.09,15534.84
1675143000000,24.09,24.12,24,24,14364.91
1675143900000,24,24.03,23.66,23.67,78109.1
1675144800000,23.68,23.82,23.68,23.78,37127.23
1675145700000,23.79,23.89,23.76,23.86,19459.24
1675146600000,23.87,23.94,23.8,23.9,24825.11
1675147500000,23.9,23.97,23.83,23.85,30648.41
1675148400000,23.85,24.03,23.83,23.98,26632.94
1675149300000,23.98,24.01,23.9,23.97,26713.26
1675150200000,23.97,24,23.89,23.95,111067.71
1675151100000,23.95,24.13,23.94,24.11,115291.78
1675152000000,24.11,24.14,23.95,23.95,31937.54
1675152900000,23.96,24.07,23.92,23.99,26347.36
1675153800000,23.99,24,23.86,23.87,24043.85
1675154700000,23.87,23.92,23.73,23.85,35550.84
1675155600000,23.84,23.93,23.83,23.9,30418.75
1675156500000,23.89,23.91,23.83,23.83,19736.89
1675157400000,23.84,23.85,23.77,23.81,29621.83
1675158300000,23.82,23.82,23.74,23.75,14037.85
1675159200000,23.75,23.76,23.58,23.6,41193.96
1675160100000,23.6,23.76,23.58,23.75,25482.56
1675161000000,23.75,23.77,23.62,23.64,18988.46
1675161900000,23.64,23.7,23.53,23.56,30036.93
1675162800000,23.57,23.65,23.49,23.64,38361.89
1675163700000,23.64,23.73,23.6,23.64,17898.48
1675164600000,23.64,23.76,23.56,23.73,25866.04
1675165500000,23.72,23.78,23.68,23.75,20875.43
1675166400000,23.75,23.81,23.67,23.74,32886.44
1675167300000,23.74,23.81,23.7,23.8,13461.71
1675168200000,23.8,23.82,23.63,23.68,29222.63
1675169100000,23.67,23.83,23.65,23.75,31705.46
1675170000000,23.75,23.88,23.75,23.86,20962.03
1675170900000,23.86,23.91,23.72,23.77,30481.95
1675171800000,23.77,24.25,23.77,24.11,332561.05
1675172700000,24.11,24.22,24.02,24.22,62406.49
1675173600000,24.22,24.36,24.07,24.11,127085.59
1675174500000,24.1,24.26,24.09,24.13,45573.38
1675175400000,24.14,24.21,24.04,24.12,43909.92
1675176300000,24.12,24.22,24.04,24.05,38050.39
1675177200000,24.04,24.16,24.04,24.13,33213.82
1675178100000,24.14,24.19,24.07,24.14,36589.23
1675179000000,24.15,24.26,24.13,24.17,31803.53
1675179900000,24.16,24.2,24.07,24.09,26130.38
1675180800000,24.1,24.17,24.02,24.12,36768.83
1675181700000,24.11,24.22,24.11,24.21,62965.15
1675182600000,24.22,24.47,24.18,24.19,140522.01
1675183500000,24.2,24.23,24.06,24.13,59773.76
1675184400000,24.14,24.17,24.06,24.17,24021.36
1675185300000,24.17,24.24,24.14,24.21,23783.79
1675186200000,24.22,24.29,24.17,24.29,33692.73
1675187100000,24.28,24.32,24.19,24.23,21506.54
1675188000000,24.24,24.24,24.08,24.18,55769.94
1675188900000,24.19,24.24,24.09,24.12,42639.85
1675189800000,24.12,24.14,24.02,24.08,35322.4
1675190700000,24.07,24.19,24.07,24.18,30950.37
1675191600000,24.18,24.22,24.13,24.15,20144.13
1675192500000,24.14,24.16,24.08,24.14,19082.43
1675193400000,24.15,24.23,24.13,24.22,20598.88
1675194300000,24.23,24.24,24.16,24.21,19490.43
1675195200000,24.21,24.21,24.05,24.08,24607.78
1675196100000,24.09,24.1,23.88,23.94,53603.75
1675197000000,23.93,24.01,23.87,23.93,71172.42
1675197900000,23.93,24.04,23.93,24,27416.09
1675198800000,24,24.09,23.93,23.94,31994
1675199700000,23.94,24,23.61,23.85,138808.86
1675200600000,23.86,23.89,23.65,23.73,71793.78
1675201500000,23.73,23.85,23.7,23.84,19314.54
1675202400000,23.85,23.85,23.73,23.76,18217.46
1675203300000,23.76,23.77,23.68,23.7,24357.68
1675204200000,23.71,23.85,23.65,23.83,21586.18
1675205100000,23.84,24.26,23.83,24.04,167967.17
1675206000000,24.05,24.05,23.84,23.9,155287.75
1675206900000,23.9,23.97,23.86,23.88,25934.53
1675207800000,23.89,23.97,23.88,23.92,17718.25
1675208700000,23.91,24.02,23.9,23.92,33295.83
1675209600000,23.93,24.04,23.73,23.89,72885.47
1675210500000,23.88,23.89,23.68,23.72,36366.51
1675211400000,23.71,23.88,23.67,23.82,31213.12
1675212300000,23.81,23.9,23.77,23.79,30176.39
1675213200000,23.79,23.86,23.77,23.85,22634.7
1675214100000,23.85,23.86,23.73,23.74,27867.64
1675215000000,23.74,23.95,23.72,23.91,26307.84
1675215900000,23.91,23.97,23.82,23.87,34109.7
1675216800000,23.87,23.88,23.79,23.81,11161.27
1675217700000,23.81,23.84,23.77,23.81,10030.18
1675218600000,23.8,23.89,23.79,23.83,8688.3
1675219500000,23.82,23.89,23.79,23.88,11780.25
1675220400000,23.89,23.9,23.81,23.83,13250.96
1675221300000,23.83,23.83,23.78,23.79,10788.87
1675222200000,23.79,23.87,23.77,23.86,10217.85
1675223100000,23.86,23.89,23.85,23.87,11659.7
1675224000000,23.87,23.91,23.87,23.88,14464.53
1675224900000,23.87,23.96,23.85,23.94,16156
1675225800000,23.93,23.96,23.86,23.92,8330.67
1675226700000,23.92,23.93,23.87,23.93,9327.18
1675227600000,23.93,23.96,23.92,23.94,13766.98
1675228500000,23.94,24,23.89,24,19331.51
1675229400000,24,24.01,23.87,23.91,27803.42
1675230300000,23.91,23.92,23.83,23.84,12675.64
1675231200000,23.84,23.85,23.77,23.78,20632.35
1675232100000,23.78,23.8,23.62,23.66,51092.36
1675233000000,23.66,23.69,23.56,23.6,63859.69
1675233900000,23.59,23.63,23.43,23.51,70834.96
1675234800000,23.51,23.64,23.42,23.63,114620.46
1675235700000,23.62,23.66,23.58,23.66,19176.83
1675236600000,23.67,23.7,23.62,23.65,15802.22
1675237500000,23.64,23.65,23.55,23.56,22574.21
1675238400000,23.56,23.57,23.47,23.51,28153.37
1675239300000,23.51,23.51,23.22,23.32,158784.39
1675240200000,23.32,23.42,23.28,23.39,34677.52
1675241100000,23.38,23.43,23.29,23.34,52466.55
1675242000000,23.34,23.41,23.15,23.39,58335.42
1675242900000,23.39,23.57,23.39,23.56,87386.32
1675243800000,23.56,23.57,23.44,23.46,46727.63
1675244700000,23.45,23.52,23.43,23.45,28247.32
1675245600000,23.46,23.55,23.38,23.55,34752.46
1675246500000,23.55,23.59,23.47,23.48,24501.6
1675247400000,23.47,23.5,23.36,23.47,31770.07
1675248300000,23.46,23.53,23.45,23.47,25212.42
1675249200000,23.47,23.55,23.45,23.51,26558.89
1675250100000,23.51,23.63,23.5,23.58,34645.95
1675251000000,23.58,23.6,23.53,23.55,29159.63
1675251900000,23.56,23.57,23.5,23.54,31776.72
1675252800000,23.53,23.58,23.47,23.57,40574.78
1675253700000,23.58,23.59,23.51,23.58,31411.24
1675254600000,23.57,23.59,23.53,23.54,28457.28
1675255500000,23.53,23.55,23.45,23.49,27224.23
1675256400000,23.49,23.53,23.32,23.52,52293.06
1675257300000,23.52,23.67,23.47,23.5,143148.76
1675258200000,23.49,23.54,23.43,23.43,48570.37
1675259100000,23.44,23.52,23.42,23.48,40528.99
1675260000000,23.48,23.48,23.39,23.47,23591.45
1675260900000,23.47,23.57,23.45,23.46,17223.27
1675261800000,23.46,23.51,23.24,23.38,122532.05
1675262700000,23.38,23.52,23.36,23.39,98469.61
1675263600000,23.4,23.41,23.22,23.34,61235.72
1675264500000,23.34,23.34,23.11,23.22,63650.42
1675265400000,23.22,23.29,23.03,23.03,51988.97
1675266300000,23.04,23.06,22.7,22.81,312338.21
1675267200000,22.81,22.98,22.71,22.91,50169.43
1675268100000,22.92,22.96,22.83,22.89,43964.61
1675269000000,22.88,22.91,22.76,22.83,47116.56
1675269900000,22.83,22.87,22.64,22.85,90204.47
1675270800000,22.84,22.86,22.68,22.76,56201.61
1675271700000,22.75,22.92,22.74,22.83,51457.02
1675272600000,22.83,22.87,22.7,22.72,36732.23
1675273500000,22.71,22.72,22.48,22.67,108326.81
1675274400000,22.67,22.75,22.59,22.62,42484.62
1675275300000,22.63,23.04,22.6,23,57364.53
1675276200000,23,23.06,22.89,23.02,53577.27
1675277100000,23.01,23.29,22.93,23.19,122297.76
1675278000000,23.19,23.55,22.83,23.34,450763.64
1675278900000,23.34,23.34,23.1,23.11,60363.39
1675279800000,23.11,24.08,22.77,23.84,678462.14
1675280700000,23.84,24.47,23.69,24.24,525858.06
1675281600000,24.24,24.64,24.13,24.32,303997.23
1675282500000,24.31,24.53,24.11,24.53,174553.89
1675283400000,24.52,24.94,24.48,24.71,305629.6
1675284300000,24.71,24.77,24.44,24.58,159751.61
1675285200000,24.59,24.98,24.57,24.82,197592.42
1675286100000,24.81,24.95,24.76,24.82,95370.18
1675287000000,24.81,25.03,24.79,24.83,146473.64
1675287900000,24.83,24.87,24.68,24.8,66033.54
1675288800000,24.81,24.99,24.81,24.9,64196.43
1675289700000,24.9,25.15,24.77,24.98,197339.66
1675290600000,24.99,25.1,24.83,24.85,53284.2
1675291500000,24.86,24.97,24.84,24.94,22860.96
1675292400000,24.94,25.05,24.88,24.99,77712.05
1675293300000,24.99,25.14,24.96,25.13,66524.98
1675294200000,25.13,25.22,24.91,24.92,93064.61
1675295100000,24.91,25.05,24.9,25,39176.73
1675296000000,25,25.18,24.95,25.13,107939.04
1675296900000,25.12,25.27,25.06,25.06,111168.52
1675297800000,25.06,25.5,25.05,25.49,278972.01
1675298700000,25.49,25.78,25.3,25.73,297640.35
1675299600000,25.73,25.76,25.39,25.41,105322.3
1675300500000,25.41,25.76,25.41,25.62,108390.02
1675301400000,25.63,25.65,25.33,25.34,74229.53
1675302300000,25.34,25.44,25.32,25.36,44838.36
1675303200000,25.35,25.47,25.35,25.37,33479.19
1675304100000,25.37,25.42,25.23,25.28,45417.46
1675305000000,25.28,25.33,25.17,25.24,62069.3
1675305900000,25.24,25.32,25.19,25.27,23189.25
1675306800000,25.26,25.35,25.26,25.31,18422.43
1675307700000,25.31,25.33,25.24,25.31,24166.03
1675308600000,25.3,25.45,25.28,25.42,39463.26
1675309500000,25.42,25.43,25.25,25.28,30982.24
1675310400000,25.28,25.39,25.27,25.27,26032.67
1675311300000,25.27,25.35,25.21,25.31,31644.96
1675312200000,25.31,25.41,25.28,25.39,27166.19
1675313100000,25.4,25.42,25.31,25.33,16755.51
1675314000000,25.34,25.41,25.3,25.4,26483.76
1675314900000,25.4,25.41,25.29,25.3,21835.93
1675315800000,25.3,25.35,25.21,25.23,82921.51
1675316700000,25.24,25.28,25.07,25.07,66209.2
1675317600000,25.08,25.15,24.84,24.88,87996.51
1675318500000,24.89,24.97,24.72,24.79,79057.78
1675319400000,24.79,24.9,24.78,24.88,33265.18
1675320300000,24.88,24.95,24.81,24.85,55089.44
1675321200000,24.84,24.93,24.83,24.89,33980.77
1675322100000,24.88,24.95,24.85,24.94,15441.62
1675323000000,24.93,24.94,24.81,24.81,64865.84
1675323900000,24.81,24.89,24.76,24.87,80686.94
1675324800000,24.86,24.95,24.82,24.87,30974.76
1675325700000,24.87,25.02,24.87,25.01,38838.29
1675326600000,25,25.01,24.9,24.95,28439.14
1675327500000,24.94,24.98,24.92,24.95,16128.73
1675328400000,24.96,24.98,24.85,24.85,28603.79
1675329300000,24.86,24.88,24.8,24.86,31906.87
1675330200000,24.85,24.96,24.85,24.96,14913.16
1675331100000,24.96,25.05,24.93,25.04,46080
1675332000000,25.03,25.08,24.97,25.01,38703.02
1675332900000,25,25,24.95,24.97,19301.76
1675333800000,24.96,24.97,24.87,24.93,24665.41
1675334700000,24.93,24.94,24.89,24.91,20192.95
1675335600000,24.91,25.01,24.9,24.99,19891.34
1675336500000,24.99,25.04,24.93,25.04,54408.05
1675337400000,25.04,25.04,24.97,25,24439.48
1675338300000,25.01,25.01,24.93,25,20958.8
1675339200000,25,25.08,24.98,25.06,21691.06
1675340100000,25.06,25.06,24.94,25.01,122201.87
1675341000000,25.01,25.04,24.89,24.92,28505.69
1675341900000,24.92,25.16,24.91,25.09,61269.73
1675342800000,25.09,25.1,24.95,25.04,38779.86
1675343700000,25.04,25.1,24.94,25.08,53025.23
1675344600000,25.08,25.09,24.9,24.97,67783.66
1675345500000,24.97,24.97,24.81,24.92,59708.02
1675346400000,24.92,25,24.87,24.98,25615.87
1675347300000,24.99,25.27,24.95,25.17,172624.52
1675348200000,25.17,25.25,24.97,24.98,200457.7
1675349100000,24.97,25.05,24.59,24.72,233197.96
1675350000000,24.72,24.99,24.65,24.76,215585.13
1675350900000,24.77,24.94,24.75,24.91,59085.42
1675351800000,24.92,25.05,24.91,25,65455.13
1675352700000,25,25.13,24.95,25.02,54619.81
1675353600000,25,25.14,24.97,25.07,72277.63
1675354500000,25.06,25.2,25,25.16,51940.96
1675355400000,25.17,25.24,25.01,25.12,79116.75
1675356300000,25.12,25.23,25.1,25.19,58744.14
1675357200000,25.19,25.64,25.18,25.31,325623.06
1675358100000,25.31,25.39,25.26,25.29,62732.66
1675359000000,25.3,25.46,25.27,25.41,49276.98
1675359900000,25.41,25.49,25.36,25.43,44632.46
1675360800000,25.42,25.64,25.41,25.62,77630.93
1675361700000,25.62,26.15,25.61,25.82,411480.64
1675362600000,25.83,25.98,25.72,25.98,91738.84
1675363500000,25.97,25.99,25.8,25.82,61696.81
1675364400000,25.83,25.85,25.34,25.45,273692.45
1675365300000,25.45,25.47,25.02,25.19,169136.37
1675366200000,25.19,25.24,24.86,24.94,120944.69
1675367100000,24.94,25.13,24.89,25.07,78826.59
1675368000000,25.07,25.11,24.97,25.09,76224.64
1675368900000,25.1,25.11,24.99,25,61768.02
1675369800000,25,25.05,24.93,24.94,35387.8
1675370700000,24.93,25.13,24.91,25.12,33877.08
1675371600000,25.12,25.26,24.78,24.94,158272.11
1675372500000,24.94,25.01,24.85,24.88,82044.12
1675373400000,24.87,24.87,24.58,24.79,152898.27
1675374300000,24.79,24.83,24.16,24.25,152546.82
1675375200000,24.25,24.45,24.05,24.37,142269.98
1675376100000,24.38,24.57,24.36,24.48,33237.73
1675377000000,24.47,24.58,24.46,24.54,23946.64
1675377900000,24.54,24.63,24.48,24.58,17449.5
1675378800000,24.57,24.64,24.49,24.54,34076.25
1675379700000,24.54,24.54,24.31,24.33,51712.38
1675380600000,24.33,24.46,24.22,24.24,25190.7
1675381500000,24.23,24.33,24.17,24.32,43021.27
1675382400000,24.32,24.49,24.31,24.45,67555.7
1675383300000,24.46,24.46,24.33,24.38,23787.65
1675384200000,24.38,24.39,24.01,24.22,99566.37
1675385100000,24.22,24.37,24.22,24.35,31682.77
1675386000000,24.35,24.45,24.31,24.38,32429.32
1675386900000,24.37,24.44,24.31,24.39,26975.92
1675387800000,24.39,24.45,24.35,24.37,25093.49
1675388700000,24.37,24.41,24.25,24.29,33225.37
1675389600000,24.3,24.38,24.27,24.31,47980.6
1675390500000,24.31,24.4,24.15,24.2,63558.67
1675391400000,24.2,24.29,24.03,24.07,61983.36
1675392300000,24.06,24.21,24.05,24.18,47468.33
1675393200000,24.17,24.22,24.09,24.15,32852.06
1675394100000,24.15,24.24,24.06,24.22,41940.95
1675395000000,24.22,24.29,24.17,24.29,24364.76
1675395900000,24.29,24.35,24.26,24.34,24809.24
1675396800000,24.34,24.35,24.27,24.33,19040.94
1675397700000,24.33,24.4,24.32,24.36,25342.2
1675398600000,24.34,24.44,24.34,24.42,39538.43
1675399500000,24.42,24.43,24.34,24.38,22885.59
1675400400000,24.38,24.47,24.35,24.44,29090.12
1675401300000,24.44,24.47,24.41,24.42,22788.25
1675402200000,24.43,24.5,24.42,24.45,23083.97
1675403100000,24.46,24.47,24.41,24.47,8851.66
1675404000000,24.47,24.54,24.45,24.52,14815.6
1675404900000,24.51,24.52,24.39,24.41,28488.59
1675405800000,24.42,24.49,24.4,24.44,30889.9
1675406700000,24.45,24.46,24.38,24.4,24371.65
1675407600000,24.4,24.44,24.3,24.42,32025.66
1675408500000,24.43,24.52,24.33,24.34,40935.11
1675409400000,24.33,24.4,24.24,24.33,33041.55
1675410300000,24.32,24.4,24.3,24.32,21312.35
1675411200000,24.32,24.37,24.1,24.17,116799.17
1675412100000,24.18,24.29,24.16,24.27,29402.89
1675413000000,24.27,24.32,24.24,24.27,15745.07
1675413900000,24.28,24.28,24.22,24.27,25908.15
1675414800000,24.28,24.35,24.26,24.35,14465.45
1675415700000,24.35,24.4,24.3,24.37,20515.88
1675416600000,24.37,24.4,24.33,24.39,13977.07
1675417500000,24.4,24.4,24.31,24.35,21428.13
1675418400000,24.35,24.39,24.33,24.36,16560.93
1675419300000,24.36,24.36,24.24,24.29,14753.33
1675420200000,24.29,24.43,24.27,24.42,16231.88
1675421100000,24.43,24.45,24.37,24.4,15075.28
1675422000000,24.41,24.42,24.32,24.35,28459.86
1675422900000,24.35,24.41,24.31,24.4,25177.69
1675423800000,24.4,24.51,24.38,24.5,26558.8
1675424700000,24.5,24.53,24.45,24.49,53917.98
1675425600000,24.49,24.62,24.47,24.5,59548.13
1675426500000,24.5,24.55,24.42,24.52,63005.67
1675427400000,24.53,24.63,24.48,24.59,86294.83
1675428300000,24.58,24.67,24.55,24.58,34939.31
1675429200000,24.58,24.6,24.48,24.58,27882.6
1675430100000,24.58,24.58,24.36,24.52,53507.38
1675431000000,24.51,24.51,24.07,24.3,305816.71
1675431900000,24.31,24.34,24.14,24.3,97165.97
1675432800000,24.3,24.37,24.22,24.28,46755.71
1675433700000,24.28,24.35,24.05,24.28,143946.29
1675434600000,24.28,24.94,24.25,24.83,256039.47
1675435500000,24.84,24.98,24.66,24.75,189681.53
1675436400000,24.76,24.83,24.54,24.73,161894.91
1675437300000,24.73,25.04,24.7,24.9,218909.34
1675438200000,24.9,25.07,24.84,24.94,99941.15
1675439100000,24.95,25.01,24.83,24.86,71035.47
1675440000000,24.86,25.05,24.77,24.93,100358.25
1675440900000,24.93,25.01,24.87,24.98,99344.55
1675441800000,24.97,25.05,24.84,24.88,53225.03
1675442700000,24.89,24.91,24.69,24.74,60735.08
1675443600000,24.73,24.83,24.69,24.79,42614.76
1675444500000,24.8,24.93,24.79,24.87,29077.82
1675445400000,24.87,24.99,24.84,24.9,30880.85
1675446300000,24.91,24.94,24.75,24.76,28947.05
1675447200000,24.75,24.81,24.55,24.61,75477.17
1675448100000,24.6,24.65,24.52,24.56,35661
1675449000000,24.55,24.6,24.47,24.5,44428.71
1675449900000,24.5,24.6,24.45,24.57,29379.72
1675450800000,24.57,24.6,24.51,24.6,25928.95
1675451700000,24.6,24.6,24.43,24.5,25881.91
1675452600000,24.51,24.59,24.45,24.53,25398.93
1675453500000,24.53,24.54,24.35,24.38,22366.8
1675454400000,24.38,24.54,24.25,24.48,149439.54
1675455300000,24.48,24.58,24.46,24.51,16632.79
1675456200000,24.51,24.62,24.5,24.6,39783.25
1675457100000,24.59,24.62,24.44,24.48,112867.13
1675458000000,24.48,24.57,24.46,24.53,20128.8
1675458900000,24.53,24.56,24.48,24.53,11271.79
1675459800000,24.54,24.56,24.47,24.5,10031.05
1675460700000,24.5,24.53,24.41,24.51,13998.94
1675461600000,24.51,24.55,24.5,24.51,12055.42
1675462500000,24.51,24.59,24.5,24.58,21343.91
1675463400000,24.58,24.64,24.53,24.62,27987.95
1675464300000,24.63,24.75,24.62,24.7,31861.52
1675465200000,24.7,24.81,24.68,24.69,35925.6
1675466100000,24.69,24.75,24.67,24.75,17758.78
1675467000000,24.75,24.77,24.7,24.71,14670.86
1675467900000,24.72,24.74,24.65,24.69,20692.24
1675468800000,24.69,24.73,24.57,24.62,30821.46
1675469700000,24.62,24.71,24.58,24.7,21566.33
1675470600000,24.71,24.82,24.71,24.8,37592.87
1675471500000,24.8,24.8,24.61,24.64,29437.81
1675472400000,24.65,24.7,24.64,24.68,24170.33
1675473300000,24.68,24.68,24.53,24.55,27852.26
1675474200000,24.55,24.63,24.54,24.58,10324.26
1675475100000,24.58,24.58,24.47,24.51,19705.8
1675476000000,24.51,24.55,24.49,24.5,13112.57
1675476900000,24.5,24.51,24.42,24.46,14137.25
1675477800000,24.46,24.52,24.46,24.47,14519.13
1675478700000,24.47,24.57,24.47,24.57,18299.02
1675479600000,24.57,24.58,24.51,24.53,13461.11
1675480500000,24.53,24.57,24.51,24.53,9611.61
1675481400000,24.53,24.53,24.43,24.47,19744.53
1675482300000,24.47,24.51,24.44,24.46,10492.87
1675483200000,24.46,24.5,24.43,24.5,11125.55
1675484100000,24.5,24.51,24.42,24.5,19379.35
1675485000000,24.51,24.51,24.44,24.46,6899.63
1675485900000,24.46,24.48,24.44,24.46,5408.01
1675486800000,24.46,24.46,24.36,24.36,15318.62
1675487700000,24.37,24.42,24.32,24.34,22939.04
1675488600000,24.35,24.4,24.33,24.36,6888.77
1675489500000,24.37,24.41,24.36,24.41,10941.06
1675490400000,24.41,24.42,24.29,24.4,22775.27
1675491300000,24.4,24.49,24.39,24.46,18593.42
1675492200000,24.47,24.49,24.44,24.45,19561.96
1675493100000,24.45,24.52,24.43,24.49,11440.45
1675494000000,24.49,24.52,24.47,24.49,11445.12
1675494900000,24.49,24.5,24.45,24.49,5213.49
1675495800000,24.5,24.51,24.45,24.45,10297.99
1675496700000,24.46,24.53,24.45,24.5,21558.83
1675497600000,24.51,24.51,24.48,24.5,13276.8
1675498500000,24.51,24.51,24.45,24.5,18331.08
1675499400000,24.5,24.51,24.46,24.48,10396.93
1675500300000,24.49,24.5,24.43,24.44,3849.11
1675501200000,24.44,24.47,24.41,24.46,8635.2
1675502100000,24.47,24.53,24.46,24.51,7151.21
1675503000000,24.51,24.53,24.47,24.51,7685.1
1675503900000,24.51,24.54,24.48,24.52,15822.17
1675504800000,24.51,24.55,24.5,24.52,9424.94
1675505700000,24.52,24.58,24.5,24.54,29056.32
1675506600000,24.53,24.56,24.51,24.56,8473.22
1675507500000,24.56,24.57,24.5,24.52,9254.84
1675508400000,24.53,24.57,24.52,24.56,11057.14
1675509300000,24.57,24.59,24.54,24.54,9213.77
1675510200000,24.55,24.59,24.53,24.57,16451.88
1675511100000,24.58,24.6,24.55,24.58,12486.21
1675512000000,24.59,24.64,24.56,24.62,13744.21
1675512900000,24.62,24.63,24.54,24.56,12328.3
1675513800000,24.56,24.63,24.54,24.59,7763.61
1675514700000,24.58,24.66,24.57,24.65,13080.83
1675515600000,24.64,24.87,24.64,24.81,74226.04
1675516500000,24.82,24.95,24.78,24.87,53321.25
1675517400000,24.87,24.92,24.81,24.82,25724.93
1675518300000,24.81,24.86,24.76,24.83,25470.37
1675519200000,24.83,24.86,24.71,24.76,25014.75
1675520100000,24.76,24.79,24.68,24.75,13987.33
1675521000000,24.75,24.8,24.71,24.75,14492.14
1675521900000,24.76,24.81,24.73,24.79,8818.8
1675522800000,24.8,24.81,24.74,24.78,8439.18
1675523700000,24.79,24.79,24.67,24.69,28687.75
1675524600000,24.7,24.73,24.62,24.67,46262.99
1675525500000,24.68,24.71,24.65,24.71,7655.04
1675526400000,24.71,24.72,24.6,24.66,31673.99
1675527300000,24.66,24.68,24.51,24.67,29893.26
1675528200000,24.67,24.74,24.55,24.6,34384.67
1675529100000,24.61,24.62,24.51,24.61,48525.5
1675530000000,24.61,24.63,24.56,24.6,29692.5
1675530900000,24.62,24.62,24.51,24.61,45890.44
1675531800000,24.61,24.63,24.56,24.61,37152.24
1675532700000,24.62,24.74,24.61,24.72,46736.65
1675533600000,24.72,24.8,24.68,24.71,27441.36
1675534500000,24.72,24.75,24.6,24.65,28058.61
1675535400000,24.65,24.65,24.54,24.61,24890.15
1675536300000,24.61,24.71,24.59,24.67,16840.31
1675537200000,24.68,24.71,24.65,24.68,13336.88
1675538100000,24.68,24.69,24.63,24.66,11873.32
1675539000000,24.66,24.71,24.62,24.68,10095.81
1675539900000,24.69,24.71,24.65,24.66,9388.36
1675540800000,24.66,24.73,24.61,24.72,45281.45
1675541700000,24.71,24.75,24.68,24.75,29540.61
1675542600000,24.75,24.75,24.68,24.68,15042.55
1675543500000,24.68,24.73,24.67,24.7,15712.04
1675544400000,24.7,24.71,24.61,24.65,41625.52
1675545300000,24.66,24.67,24.6,24.61,21810.15
1675546200000,24.61,24.61,24.57,24.61,9151.29
1675547100000,24.61,24.66,24.59,24.65,15879.84
1675548000000,24.66,24.66,24.62,24.65,10620.14
1675548900000,24.64,24.68,24.64,24.67,10861.38
1675549800000,24.68,24.74,24.67,24.67,10076.42
1675550700000,24.67,24.68,24.59,24.62,5414.04
1675551600000,24.62,24.68,24.59,24.6,17062.97
1675552500000,24.61,24.61,24.54,24.57,19477.65
1675553400000,24.57,24.58,24.17,24.3,155039.21
1675554300000,24.31,24.36,24.25,24.34,61470.89
1675555200000,24.34,24.44,24.25,24.37,41956.91
1675556100000,24.38,24.39,24.25,24.36,26127.41
1675557000000,24.36,24.36,24.2,24.31,74469.32
1675557900000,24.31,24.33,24.1,24.2,64068.14
1675558800000,24.2,24.25,24.15,24.25,35712.05
1675559700000,24.25,24.3,24.23,24.3,15898.43
1675560600000,24.3,24.31,24.2,24.21,21893.42
1675561500000,24.2,24.28,24.19,24.26,15043.28
1675562400000,24.27,24.31,24.25,24.3,18502.59
1675563300000,24.3,24.32,24.28,24.29,9442.67
1675564200000,24.29,24.4,24.27,24.28,63928.97
1675565100000,24.29,24.3,24.15,24.15,30660.43
1675566000000,24.16,24.25,24.05,24.22,62834.28
1675566900000,24.22,24.25,24.18,24.21,21361.67
1675567800000,24.22,24.25,24.19,24.23,15754.25
1675568700000,24.24,24.3,24.21,24.3,12990.45
1675569600000,24.3,24.34,24.25,24.32,19946.34
1675570500000,24.33,24.33,24.27,24.31,8840.75
1675571400000,24.31,24.33,24.29,24.32,10381.09
1675572300000,24.32,24.35,24.31,24.33,7320.18
1675573200000,24.32,24.36,24.31,24.34,7410.67
1675574100000,24.35,24.4,24.34,24.35,29836.2
1675575000000,24.36,24.4,24.34,24.38,15668.85
1675575900000,24.39,24.41,24.36,24.4,8291.21
1675576800000,24.41,24.43,24.38,24.39,15657.34
1675577700000,24.39,24.39,24.32,24.33,7020.2
1675578600000,24.33,24.46,24.32,24.44,32412.7
1675579500000,24.44,24.45,24.38,24.4,19734.31
1675580400000,24.4,24.44,24.36,24.37,11686.74
1675581300000,24.37,24.4,24.34,24.38,7482.88
1675582200000,24.39,24.39,24.35,24.39,8262.93
1675583100000,24.39,24.39,24.35,24.35,6259.41
1675584000000,24.35,24.4,24.35,24.37,9815.21
1675584900000,24.36,24.36,24.31,24.34,18995.73
1675585800000,24.34,24.44,24.34,24.42,17110.59
1675586700000,24.43,24.43,24.38,24.41,5243.19
1675587600000,24.41,24.45,24.4,24.44,11737.75
1675588500000,24.44,24.44,24.35,24.36,9587.63
1675589400000,24.37,24.37,24.31,24.36,15011.93
1675590300000,24.36,24.37,24.31,24.32,11044.02
1675591200000,24.33,24.35,24.31,24.35,8047.92
1675592100000,24.35,24.39,24.24,24.25,84780.63
1675593000000,24.25,24.33,24.24,24.33,38507.09
1675593900000,24.34,24.34,24.28,24.33,10014.2
1675594800000,24.32,24.34,24.28,24.3,6570.23
1675595700000,24.3,24.33,24.26,24.26,7327.72
1675596600000,24.26,24.29,24.17,24.21,34594.99
1675597500000,24.21,24.22,24.14,24.19,41981.65
1675598400000,24.19,24.23,24.18,24.19,13417.61
1675599300000,24.2,24.23,24.07,24.19,66271.69
1675600200000,24.19,24.2,23.95,24.04,116158.95
1675601100000,24.03,24.09,23.1,23.61,625200.6
1675602000000,23.61,23.74,23.41,23.48,409907.34
1675602900000,23.48,23.66,23.48,23.64,61008.55
1675603800000,23.64,23.78,23.58,23.71,75195.05
1675604700000,23.71,23.72,23.62,23.65,35679.88
1675605600000,23.65,23.73,23.59,23.63,44952.35
1675606500000,23.63,23.73,23.58,23.71,87741.28
1675607400000,23.71,23.79,23.66,23.67,118303.04
1675608300000,23.66,23.8,23.65,23.75,82664.83
1675609200000,23.75,23.85,23.72,23.83,71393.36
1675610100000,23.83,23.87,23.74,23.74,42311.87
1675611000000,23.75,23.79,23.61,23.64,75307.87
1675611900000,23.65,23.7,23.6,23.64,56659.98
1675612800000,23.64,23.71,23.56,23.58,96152.99
1675613700000,23.59,23.69,23.46,23.68,92316.97
1675614600000,23.68,23.71,23.55,23.58,31029.81
1675615500000,23.58,23.62,23.31,23.35,141126.8
1675616400000,23.35,23.48,23.33,23.38,59766.68
1675617300000,23.38,23.57,23.19,23.48,124196.63
1675618200000,23.49,23.49,23.19,23.25,207965.57
1675619100000,23.24,23.41,23.22,23.36,101174.52
1675620000000,23.36,23.47,23.28,23.45,83701.58
1675620900000,23.46,23.55,23.43,23.47,27960.21
1675621800000,23.47,23.5,23.38,23.47,27031.83
1675622700000,23.47,23.52,23.36,23.38,23945.45
1675623600000,23.38,23.43,23.3,23.35,24344.72
1675624500000,23.35,23.45,23.19,23.35,61294.37
1675625400000,23.36,23.44,23.31,23.43,33664.47
1675626300000,23.43,23.44,23.36,23.37,32260.81
1675627200000,23.37,23.38,23.28,23.31,29852.6
1675628100000,23.31,23.43,23.26,23.4,30852.9
1675629000000,23.4,23.45,23.28,23.32,31848.5
1675629900000,23.32,23.35,23.23,23.28,70327.52
1675630800000,23.28,23.28,23.02,23.08,121374.32
1675631700000,23.08,23.31,23.07,23.31,30849.01
1675632600000,23.31,23.42,23.3,23.39,44358.65
1675633500000,23.39,23.41,23.34,23.41,16689.27
1675634400000,23.4,23.53,23.36,23.52,38564.37
1675635300000,23.52,23.55,23.45,23.53,15463.15
1675636200000,23.53,23.65,23.52,23.61,20337.56
1675637100000,23.62,23.68,23.56,23.58,11934.71
1675638000000,23.59,23.63,23.52,23.58,19468.29
1675638900000,23.58,23.59,23.44,23.47,45967.51
1675639800000,23.48,23.55,23.42,23.53,43135.34
1675640700000,23.53,23.56,23.45,23.47,23946.68
1675641600000,23.46,23.6,23.45,23.59,27448.13
1675642500000,23.59,23.72,23.57,23.7,33804.53
1675643400000,23.71,23.72,23.62,23.68,19011.96
1675644300000,23.69,23.71,23.63,23.67,16035.76
1675645200000,23.66,23.72,23.63,23.64,11805.02
1675646100000,23.65,23.68,23.59,23.61,18309.67
1675647000000,23.6,23.65,23.55,23.63,15212.07
1675647900000,23.63,23.63,23.51,23.53,15359.73
1675648800000,23.54,23.58,23.52,23.55,8166.8
1675649700000,23.54,23.57,23.48,23.49,9734.84
1675650600000,23.49,23.52,23.47,23.5,14895.01
1675651500000,23.5,23.5,23.32,23.33,22537.59
1675652400000,23.33,23.43,23.25,23.43,26467.65
1675653300000,23.43,23.45,23.39,23.44,26971.3
1675654200000,23.44,23.44,23.38,23.42,18443.97
1675655100000,23.43,23.45,23.37,23.37,9433.88
1675656000000,23.38,23.46,23.37,23.45,13935.29
1675656900000,23.46,23.46,23.37,23.41,8553.8
1675657800000,23.41,23.45,23.37,23.4,4758.21
1675658700000,23.4,23.4,23.28,23.28,15637.67
1675659600000,23.29,23.32,23.19,23.26,90811.08
1675660500000,23.27,23.3,22.83,23,283090.55
1675661400000,23,23.07,22.87,23.05,91015.79
1675662300000,23.05,23.12,22.99,23.12,87803.26
1675663200000,23.12,23.12,23.03,23.05,31551.59
1675664100000,23.05,23.2,23.04,23.2,24756.37
1675665000000,23.19,23.21,23.11,23.18,22817.91
1675665900000,23.18,23.19,23.12,23.12,30554.41
1675666800000,23.13,23.19,23.07,23.19,18198.39
1675667700000,23.19,23.3,23.17,23.27,30993.29
1675668600000,23.27,23.35,23.23,23.33,26879.6
1675669500000,23.33,23.36,23.29,23.35,11229.54
1675670400000,23.35,23.4,23.32,23.34,32380.21
1675671300000,23.34,23.35,23.27,23.29,31084.54
1675672200000,23.28,23.4,23.27,23.39,20812.93
1675673100000,23.39,23.4,23.28,23.32,11918.32
1675674000000,23.32,23.36,23.31,23.34,16854.64
1675674900000,23.34,23.35,23.26,23.29,15748.29
1675675800000,23.28,23.4,23.28,23.34,19476.84
1675676700000,23.34,23.35,23.26,23.29,13625.87
1675677600000,23.29,23.32,23.23,23.32,10973.88
1675678500000,23.32,23.33,23.26,23.27,4936.25
1675679400000,23.27,23.29,23.18,23.21,10188.3
1675680300000,23.2,23.26,23.19,23.25,10815.26
1675681200000,23.26,23.27,23.11,23.15,17117.75
1675682100000,23.15,23.18,23.05,23.05,24458.48
1675683000000,23.06,23.17,23.05,23.14,24756.35
1675683900000,23.15,23.4,23.13,23.32,29906.21
1675684800000,23.32,23.4,23.15,23.19,87226.3
1675685700000,23.19,23.22,23.11,23.22,28610.96
1675686600000,23.23,23.33,23.2,23.32,16359.51
1675687500000,23.32,23.39,23.26,23.28,24788.93
1675688400000,23.28,23.37,23.28,23.31,13562.88
1675689300000,23.31,23.34,23.24,23.25,20486.3
1675690200000,23.25,23.27,23.17,23.23,22682.62
1675691100000,23.23,23.24,23.1,23.13,34026.5
1675692000000,23.13,23.15,23.08,23.11,32013.02
1675692900000,23.11,23.18,23.03,23.11,18343.47
1675693800000,23.12,23.27,22.98,23.04,69621.84
1675694700000,23.04,23.2,22.98,23.08,85256.91
1675695600000,23.09,23.17,23.08,23.11,35770.92
1675696500000,23.11,23.11,22.81,22.87,81627.42
1675697400000,22.86,23.02,22.81,22.99,46852.91
1675698300000,22.99,23.5,22.98,23.47,96320.64
1675699200000,23.47,23.6,23.42,23.45,195363.26
1675700100000,23.45,23.59,23.44,23.45,81356.51
1675701000000,23.46,23.49,23.25,23.3,52256.9
1675701900000,23.3,23.34,23.23,23.28,50313.15
1675702800000,23.27,23.3,23.21,23.24,40587.79
1675703700000,23.24,23.28,23.15,23.22,37956.63
1675704600000,23.23,23.35,23.23,23.27,19050.91
1675705500000,23.26,23.34,23.26,23.3,16973.69
1675706400000,23.3,23.35,23.26,23.33,14234.58
1675707300000,23.33,23.4,23.27,23.28,14564.93
1675708200000,23.27,23.31,23.18,23.23,39117.4
1675709100000,23.22,23.33,23.2,23.33,23566.77
1675710000000,23.32,23.4,23.29,23.38,20647.14
1675710900000,23.39,23.49,23.38,23.39,23637.76
1675711800000,23.39,23.41,23.27,23.35,27235.3
1675712700000,23.34,23.39,23.31,23.37,21460.77
1675713600000,23.37,23.37,23.25,23.26,16825.7
1675714500000,23.26,23.36,23.26,23.26,14659.35
1675715400000,23.25,23.32,23.25,23.27,13990.39
1675716300000,23.27,23.3,23.22,23.25,19198.39
1675717200000,23.24,23.25,23.14,23.17,16327.85
1675718100000,23.16,23.22,23.1,23.11,9817.78
1675719000000,23.11,23.13,23.04,23.07,27269.34
1675719900000,23.07,23.08,22.93,23.05,48545.19
1675720800000,23.04,23.07,22.96,23.01,33044.74
1675721700000,23.01,23.07,22.99,23.04,19452.29
1675722600000,23.04,23.12,23.01,23.1,29571
1675723500000,23.1,23.16,22.99,23,16074.69
1675724400000,23,23.02,22.45,22.66,335724.52
1675725300000,22.65,22.68,22.49,22.63,123039.37
1675726200000,22.63,22.74,22.56,22.73,48993.84
1675727100000,22.72,22.75,22.65,22.66,47141.54
1675728000000,22.65,22.74,22.6,22.74,36789.93
1675728900000,22.73,22.78,22.61,22.7,34086.83
1675729800000,22.7,22.7,22.54,22.62,50073.03
1675730700000,22.62,22.74,22.6,22.7,25315.24
1675731600000,22.69,22.85,22.68,22.84,23758.05
1675732500000,22.84,22.91,22.78,22.91,16849.79
1675733400000,22.9,22.92,22.85,22.87,24090.73
1675734300000,22.88,22.99,22.86,22.95,14556.58
1675735200000,22.96,22.97,22.88,22.92,14914.86
1675736100000,22.92,22.99,22.86,22.95,14248.05
1675737000000,22.95,22.96,22.9,22.94,10808.43
1675737900000,22.94,23.1,22.93,23.1,30984.81
1675738800000,23.1,23.1,23.02,23.05,25139.96
1675739700000,23.05,23.14,23.01,23.13,14307.25
1675740600000,23.13,23.17,23.08,23.11,18798.84
1675741500000,23.11,23.12,23.04,23.06,19585.18
1675742400000,23.06,23.1,23.04,23.08,14064.84
1675743300000,23.08,23.13,23.04,23.1,15157.5
1675744200000,23.11,23.15,23.03,23.06,15795.3
1675745100000,23.05,23.07,23.03,23.03,6119.15
1675746000000,23.04,23.1,23.03,23.08,8471.21
1675746900000,23.07,23.13,23.06,23.12,11628.14
1675747800000,23.12,23.16,23.08,23.1,21220.29
1675748700000,23.1,23.14,23.1,23.11,13364.52
1675749600000,23.12,23.14,23.09,23.11,15320.69
1675750500000,23.11,23.31,23.1,23.31,122143.22
1675751400000,23.3,23.31,23.19,23.23,21775.8
1675752300000,23.24,23.25,23.2,23.2,12096.76
1675753200000,23.21,23.27,23.15,23.27,24279.69
1675754100000,23.27,23.36,23.25,23.26,28850.26
1675755000000,23.27,23.28,23.21,23.26,15008.69
1675755900000,23.26,23.28,23.21,23.22,9762.49
1675756800000,23.21,23.25,23.1,23.11,19904.3
1675757700000,23.11,23.18,23.1,23.17,25302.58
1675758600000,23.17,23.22,23.13,23.2,12947.57
1675759500000,23.2,23.21,23.1,23.12,10197.39
1675760400000,23.12,23.34,23.12,23.32,27668.86
1675761300000,23.32,23.33,23.22,23.23,31112.11
1675762200000,23.24,23.34,23.24,23.32,13165.99
1675763100000,23.33,23.42,23.28,23.33,125066.45
1675764000000,23.33,23.38,23.27,23.35,26297.18
1675764900000,23.36,23.43,23.33,23.38,33753.08
1675765800000,23.39,23.39,23.32,23.35,16435.93
1675766700000,23.34,23.38,23.32,23.35,15443.31
1675767600000,23.34,23.43,23.33,23.38,23377.86
1675768500000,23.39,23.45,23.35,23.44,26174.98
1675769400000,23.45,23.45,23.33,23.38,28668.91
1675770300000,23.38,23.4,23.34,23.35,18590.5
1675771200000,23.34,23.43,23.28,23.32,28700.88
1675772100000,23.32,23.39,23.31,23.32,16145
1675773000000,23.32,23.37,23.29,23.34,24422.93
1675773900000,23.34,23.41,23.33,23.39,14440.92
1675774800000,23.39,23.41,23.31,23.32,21368.86
1675775700000,23.32,23.35,23.23,23.25,23835.9
1675776600000,23.26,23.33,23.17,23.3,34959.13
1675777500000,23.3,23.32,23.22,23.28,19850.61
1675778400000,23.28,23.28,23.19,23.22,57203.3
1675779300000,23.22,23.28,23.19,23.2,18197.98
1675780200000,23.21,23.28,23.13,23.25,49763.03
1675781100000,23.25,23.26,23.15,23.16,32649.95
1675782000000,23.16,23.16,23.05,23.09,75821.31
1675782900000,23.09,23.14,22.96,22.97,58496.99
1675783800000,22.97,23.1,22.94,23.1,71110.97
1675784700000,23.09,23.1,22.99,23.03,32063.83
1675785600000,23.02,23.08,22.99,23.03,37344.18
1675786500000,23.03,23.05,22.87,23,82398.61
1675787400000,23,23.13,22.94,22.96,44453.99
1675788300000,22.96,23.06,22.94,23,17623.97
1675789200000,23.01,23.03,22.92,22.98,39114.34
1675790100000,22.98,22.98,22.76,22.82,48343.61
1675791000000,22.81,23.08,22.81,23,59741.99
1675791900000,23,23.73,23,23.67,357661.38
1675792800000,23.67,23.86,23.41,23.5,243984.01
1675793700000,23.5,23.52,22.77,22.83,311933.91
1675794600000,22.82,23.07,22.59,22.95,418332.2
1675795500000,22.95,23.02,22.83,22.97,122984.65
1675796400000,22.97,23.26,22.94,23.12,202161.47
1675797300000,23.12,23.21,23.09,23.14,59286.89
1675798200000,23.14,23.28,23.13,23.2,63828.29
1675799100000,23.2,23.29,23.16,23.27,43322.22
1675800000000,23.27,23.33,23.14,23.21,54962
1675800900000,23.21,23.51,23.21,23.5,104584.15
1675801800000,23.5,23.59,23.47,23.5,61187.05
1675802700000,23.51,23.6,23.5,23.54,52952.49
1675803600000,23.54,23.73,23.53,23.64,69986.52
1675804500000,23.65,23.72,23.57,23.7,54037.4
1675805400000,23.71,23.72,23.58,23.63,35204.83
1675806300000,23.62,23.69,23.55,23.56,74777.28
1675807200000,23.57,23.6,23.39,23.55,88394.99
1675808100000,23.55,23.57,23.51,23.52,45950.6
1675809000000,23.51,23.76,23.51,23.74,35775.65
1675809900000,23.74,23.81,23.61,23.65,81488.68
1675810800000,23.65,23.96,23.65,23.85,109413.97
1675811700000,23.85,23.94,23.8,23.89,45716.33
1675812600000,23.9,23.96,23.81,23.85,29945.84
1675813500000,23.85,23.94,23.82,23.82,40625.66
1675814400000,23.82,23.99,23.82,23.93,55439.37
1675815300000,23.93,24.06,23.87,23.97,64568.14
1675816200000,23.96,24.19,23.89,24.09,83296.88
1675817100000,24.09,24.19,24.05,24.12,44193.47
1675818000000,24.12,24.24,24.07,24.13,65745.33
1675818900000,24.13,24.17,23.93,23.96,60663.43
1675819800000,23.97,24.03,23.89,23.92,43985.26
1675820700000,23.91,24.03,23.91,23.95,54368.53
1675821600000,23.95,24.02,23.91,23.94,28093.61
1675822500000,23.94,24.01,23.91,23.98,9636.7
1675823400000,23.98,24,23.91,23.92,11933.92
1675824300000,23.92,23.93,23.84,23.85,20545.65
1675825200000,23.85,23.88,23.8,23.83,22863.31
1675826100000,23.83,23.93,23.83,23.91,18973.38
1675827000000,23.92,23.92,23.87,23.88,20058.69
1675827900000,23.89,23.95,23.88,23.89,13910.78
1675828800000,23.88,23.97,23.88,23.89,11266.21
1675829700000,23.89,23.94,23.88,23.93,17841.64
1675830600000,23.93,23.95,23.83,23.83,16561.88
1675831500000,23.83,23.89,23.83,23.85,15202.45
1675832400000,23.85,23.89,23.82,23.84,11670.03
1675833300000,23.83,23.85,23.68,23.7,60802.42
1675834200000,23.69,23.75,23.61,23.61,21948.05
1675835100000,23.61,23.71,23.61,23.67,15755.04
1675836000000,23.68,23.71,23.58,23.7,30077.63
1675836900000,23.7,23.73,23.63,23.65,20943.76
1675837800000,23.65,23.7,23.63,23.65,36173.7
1675838700000,23.64,23.68,23.62,23.62,13432.15
1675839600000,23.62,23.71,23.6,23.7,21729.45
1675840500000,23.7,23.79,23.68,23.77,30657.19
1675841400000,23.77,23.79,23.68,23.72,21417.11
1675842300000,23.73,23.81,23.7,23.77,20848.52
1675843200000,23.76,23.78,23.62,23.63,20623.04
1675844100000,23.62,23.69,23.6,23.61,24354.4
1675845000000,23.61,23.65,23.53,23.63,29654.8
1675845900000,23.62,23.64,23.58,23.62,26278.93
1675846800000,23.62,23.64,23.56,23.63,12692.2
1675847700000,23.63,23.7,23.63,23.66,16833.03
1675848600000,23.66,23.68,23.57,23.58,23913.75
1675849500000,23.58,23.65,23.56,23.64,15285.57
1675850400000,23.65,23.65,23.54,23.57,19513.98
1675851300000,23.57,23.63,23.52,23.6,29793.49
1675852200000,23.6,23.63,23.56,23.62,12939.77
1675853100000,23.62,23.65,23.61,23.64,13999.33
1675854000000,23.64,23.7,23.61,23.7,19510.41
1675854900000,23.7,23.74,23.69,23.74,13372.4
1675855800000,23.74,23.76,23.67,23.68,23786.28
1675856700000,23.68,23.76,23.68,23.72,28305.07
1675857600000,23.73,23.85,23.73,23.83,22835.17
1675858500000,23.82,23.85,23.76,23.81,18716.24
1675859400000,23.81,23.86,23.8,23.84,22744.36
1675860300000,23.83,23.98,23.68,23.74,139270.66
1675861200000,23.75,23.83,23.61,23.79,52998.43
1675862100000,23.79,23.8,23.59,23.6,66307.94
1675863000000,23.6,23.74,23.55,23.69,47085.54
1675863900000,23.68,23.72,23.61,23.71,47734.16
1675864800000,23.71,23.72,23.58,23.65,30309.31
1675865700000,23.65,23.7,23.56,23.61,28921.2
1675866600000,23.61,23.93,23.53,23.89,107041.84
1675867500000,23.89,23.93,23.56,23.73,138899.75
1675868400000,23.72,23.73,23.33,23.38,161856.36
1675869300000,23.38,23.53,23.35,23.49,103245.6
1675870200000,23.48,23.48,23.32,23.4,70457.53
1675871100000,23.4,23.41,23.26,23.28,63767.99
1675872000000,23.28,23.31,23.06,23.07,134039.38
1675872900000,23.07,23.09,22.8,22.98,221491.98
1675873800000,22.97,23.19,22.81,23.13,126984.49
1675874700000,23.12,23.38,23.09,23.34,127102.95
1675875600000,23.33,23.4,23.2,23.3,80023.09
1675876500000,23.3,23.46,23.27,23.45,70500.01
1675877400000,23.45,23.47,23.18,23.25,88351.73
1675878300000,23.25,23.33,23.21,23.31,34269.1
1675879200000,23.31,23.37,23.21,23.23,48613.46
1675880100000,23.23,23.24,23.12,23.15,25375.81
1675881000000,23.15,23.16,23.06,23.1,30623.9
1675881900000,23.1,23.12,23.01,23.12,32394.73
1675882800000,23.11,23.19,23.07,23.15,49168.68
1675883700000,23.15,23.21,23.1,23.1,17688.31
1675884600000,23.1,23.14,23.01,23.06,43378.3
1675885500000,23.05,23.11,23,23.09,25925.83
1675886400000,23.08,23.08,22.87,22.89,59758.54
1675887300000,22.89,23.01,22.87,23,31163.52
1675888200000,23,23.06,22.96,23.05,31285.35
1675889100000,23.05,23.09,22.92,22.94,44488.38
1675890000000,22.94,23.06,22.9,23.05,24243.46
1675890900000,23.05,23.14,23.04,23.13,14956.23
1675891800000,23.13,23.18,23.12,23.18,22516.78
1675892700000,23.17,23.19,23.13,23.13,10801.23
1675893600000,23.14,23.16,23.12,23.16,11746.49
1675894500000,23.16,23.21,23.15,23.2,10155.96
1675895400000,23.21,23.23,23.2,23.21,11964.98
1675896300000,23.2,23.26,23.15,23.15,10362.54
1675897200000,23.16,23.23,23.1,23.11,37211.93
1675898100000,23.11,23.24,23.03,23.2,23902.72
1675899000000,23.2,23.27,23.2,23.25,19427.64
1675899900000,23.25,23.25,23.17,23.22,12459.43
1675900800000,23.21,23.26,23.14,23.15,23251.68
1675901700000,23.16,23.23,23.06,23.22,19459.37
1675902600000,23.22,23.22,23.1,23.12,35193.62
1675903500000,23.11,23.26,23.1,23.25,17400.54
1675904400000,23.25,23.35,23.18,23.23,40776.36
1675905300000,23.23,23.31,23.2,23.21,27329.85
1675906200000,23.21,23.28,23.21,23.25,11602.44
1675907100000,23.25,23.25,23.12,23.14,10479.15
1675908000000,23.14,23.17,22.99,23,31588.57
1675908900000,22.99,23.11,22.99,23.02,28308.43
1675909800000,23.02,23.07,22.82,22.89,46763.54
1675910700000,22.88,22.94,22.62,22.63,129835.61
1675911600000,22.63,22.66,21.92,22.35,724361.95
1675912500000,22.36,22.55,22.27,22.34,174165.26
1675913400000,22.35,22.43,22.2,22.41,111393.22
1675914300000,22.41,22.42,22.28,22.35,66557.37
1675915200000,22.35,22.48,22.19,22.48,111228.32
1675916100000,22.47,22.53,22.39,22.43,46996.38
1675917000000,22.43,22.59,22.42,22.57,29185.7
1675917900000,22.57,22.58,22.49,22.55,14144.2
1675918800000,22.55,22.65,22.54,22.6,26406.02
1675919700000,22.6,22.61,22.54,22.6,19261.48
1675920600000,22.6,22.74,22.55,22.7,51311.31
1675921500000,22.7,22.78,22.65,22.68,59399.53
1675922400000,22.68,22.71,22.61,22.68,28979.74
1675923300000,22.68,22.72,22.66,22.66,12262.13
1675924200000,22.67,22.76,22.65,22.75,12166.41
1675925100000,22.76,22.9,22.75,22.86,41657.33
1675926000000,22.85,22.88,22.74,22.75,37818.44
1675926900000,22.75,22.81,22.74,22.77,13586.12
1675927800000,22.77,22.84,22.75,22.8,20683.69
1675928700000,22.8,22.81,22.75,22.76,11463.22
1675929600000,22.76,22.84,22.76,22.79,16197.7
1675930500000,22.79,22.97,22.78,22.95,39965.55
1675931400000,22.96,22.96,22.86,22.86,35883.8
1675932300000,22.87,22.92,22.86,22.88,29278.5
1675933200000,22.88,22.9,22.81,22.86,31078.56
1675934100000,22.87,22.89,22.72,22.76,23783.25
1675935000000,22.75,22.84,22.74,22.81,18214.96
1675935900000,22.82,22.89,22.78,22.84,51107.4
1675936800000,22.85,22.85,22.79,22.81,15612.47
1675937700000,22.81,22.84,22.79,22.8,9795.67
1675938600000,22.8,22.83,22.75,22.78,19680.94
1675939500000,22.78,22.85,22.75,22.84,17967.46
1675940400000,22.84,22.88,22.76,22.77,36970.34
1675941300000,22.77,22.82,22.75,22.78,14889.95
1675942200000,22.77,22.91,22.77,22.88,42836.81
1675943100000,22.88,22.98,22.78,22.79,51570.34
1675944000000,22.79,22.83,22.7,22.73,32319.15
1675944900000,22.73,22.76,22.66,22.67,28886.74
1675945800000,22.67,22.75,22.57,22.73,49040.65
1675946700000,22.73,22.9,22.72,22.77,68983.83
1675947600000,22.78,22.86,22.73,22.8,23178.14
1675948500000,22.8,22.84,22.73,22.74,21048.31
1675949400000,22.75,22.91,22.75,22.8,58949.72
1675950300000,22.8,22.87,22.77,22.85,25184.77
1675951200000,22.85,22.89,22.82,22.83,29053.01
1675952100000,22.83,22.9,22.81,22.89,18672.75
1675953000000,22.89,22.97,22.76,22.77,79153.28
1675953900000,22.77,22.94,22.76,22.82,36738.56
1675954800000,22.83,22.87,22.77,22.81,80778.31
1675955700000,22.81,22.85,22.66,22.71,30758.19
1675956600000,22.7,22.75,22.64,22.64,39306
1675957500000,22.65,22.75,22.63,22.65,19379.21
1675958400000,22.66,22.7,22.5,22.68,62444.51
1675959300000,22.68,22.68,22.49,22.58,42680.3
1675960200000,22.58,22.59,22.4,22.55,90579.15
1675961100000,22.54,22.55,22.24,22.39,67153.81
1675962000000,22.39,22.57,22.34,22.55,31955.41
1675962900000,22.54,22.55,22.46,22.51,21157.99
1675963800000,22.5,22.52,22.27,22.39,33494.65
1675964700000,22.38,22.44,22.3,22.43,33736.48
1675965600000,22.43,22.52,22.31,22.51,39193.42
1675966500000,22.51,22.58,22.44,22.46,21288.6
1675967400000,22.45,22.56,22.4,22.41,30317.59
1675968300000,22.42,22.43,22.34,22.37,22782.95
1675969200000,22.38,22.39,22.07,22.17,73207.6
1675970100000,22.18,22.23,21.68,21.93,313842.24
1675971000000,21.92,21.92,21.46,21.73,425970.95
1675971900000,21.73,21.83,21.63,21.8,83094.6
1675972800000,21.8,21.8,21.51,21.52,111734.89
1675973700000,21.54,21.6,21.31,21.43,143306.09
1675974600000,21.43,21.63,21.31,21.61,79613.49
1675975500000,21.61,21.72,21.55,21.56,73119.45
1675976400000,21.57,21.6,21.39,21.46,46010.53
1675977300000,21.47,21.53,21.28,21.29,43061.29
1675978200000,21.28,21.47,21.01,21.31,306046.86
1675979100000,21.3,21.35,21.1,21.29,99945.54
1675980000000,21.29,21.3,21.16,21.27,36602.31
1675980900000,21.26,21.35,21.15,21.16,32586.13
1675981800000,21.15,21.16,20.44,20.45,176941.29
1675982700000,20.46,20.66,20,20.27,275378.04
1675983600000,20.27,20.66,20.24,20.63,178934.71
1675984500000,20.62,20.63,20.5,20.53,129439.6
1675985400000,20.53,20.61,20.42,20.52,62253.77
1675986300000,20.53,20.53,20.36,20.48,79635.1
1675987200000,20.48,20.69,20.39,20.64,103576.51
1675988100000,20.64,20.65,20.52,20.54,83300.72
1675989000000,20.54,20.61,20.38,20.51,126562.03
1675989900000,20.52,20.52,20.27,20.4,152166.37
1675990800000,20.41,20.69,20.36,20.67,148712.1
1675991700000,20.66,20.67,20.54,20.59,85050.7
1675992600000,20.58,20.85,20.57,20.78,125728.17
1675993500000,20.77,20.8,20.71,20.79,76865.02
1675994400000,20.79,20.83,20.73,20.82,68034.35
1675995300000,20.81,20.85,20.7,20.72,48137.94
1675996200000,20.72,20.88,20.72,20.84,44544.88
1675997100000,20.85,20.9,20.81,20.87,38033.97
1675998000000,20.87,20.88,20.75,20.79,30747.24
1675998900000,20.78,20.82,20.76,20.79,31945.73
1675999800000,20.78,20.83,20.75,20.77,21573.42
1676000700000,20.77,20.82,20.72,20.79,27795.2
1676001600000,20.79,20.82,20.61,20.71,128181.15
1676002500000,20.72,20.92,20.69,20.9,43280.45
1676003400000,20.9,20.9,20.77,20.78,37155.69
1676004300000,20.78,20.82,20.7,20.74,104280.04
1676005200000,20.74,20.82,20.67,20.81,36343.82
1676006100000,20.8,20.82,20.58,20.6,45601.02
1676007000000,20.6,20.85,20.51,20.83,71845.95
1676007900000,20.83,20.84,20.72,20.75,26890.08
1676008800000,20.74,20.87,20.71,20.82,33040.2
1676009700000,20.82,20.86,20.8,20.86,16385.73
1676010600000,20.86,20.91,20.85,20.89,42890.61
1676011500000,20.89,20.94,20.85,20.93,14817.84
1676012400000,20.93,20.94,20.84,20.86,17835.06
1676013300000,20.86,20.93,20.84,20.84,19741.84
1676014200000,20.84,21,20.84,20.99,28528.93
1676015100000,20.99,21.1,20.95,21.1,44601.28
1676016000000,21.1,21.2,21.03,21.11,75068.61
1676016900000,21.12,21.14,21.04,21.05,44226.13
1676017800000,21.05,21.1,21.02,21.05,22227.57
1676018700000,21.04,21.13,21.03,21.05,18250.14
1676019600000,21.05,21.12,21.03,21.03,21963.9
1676020500000,21.04,21.11,20.98,21.1,34346.46
1676021400000,21.1,21.11,21.01,21.03,27869.52
1676022300000,21.03,21.07,20.96,20.98,21399.9
1676023200000,20.98,21.04,20.95,21.03,19277.55
1676024100000,21.04,21.06,20.96,20.97,11711.21
1676025000000,20.97,21.07,20.95,21.04,13099.26
1676025900000,21.03,21.1,21.02,21.09,16347.3
1676026800000,21.09,21.09,20.76,20.99,121103.67
1676027700000,20.99,21.02,20.82,20.88,128349.52
1676028600000,20.88,20.9,20.77,20.82,56573.17
1676029500000,20.83,20.87,20.63,20.69,99794.91
1676030400000,20.69,20.82,20.64,20.8,57186.2
1676031300000,20.79,20.86,20.73,20.74,62421.18
1676032200000,20.75,20.76,20.57,20.69,63323.16
1676033100000,20.7,20.71,20.5,20.53,52947.21
1676034000000,20.53,20.75,20.53,20.73,44415.08
1676034900000,20.73,20.89,20.73,20.78,80461.68
1676035800000,20.77,20.89,20.72,20.87,44686.02
1676036700000,20.87,20.88,20.76,20.77,31536.18
1676037600000,20.77,20.87,20.72,20.87,16973.82
1676038500000,20.87,20.94,20.85,20.89,31043.88
1676039400000,20.88,21.01,20.82,20.87,84741.24
1676040300000,20.87,20.98,20.84,20.88,64432.95
1676041200000,20.89,20.99,20.78,20.97,140165.22
1676042100000,20.96,21,20.84,20.85,42457.64
1676043000000,20.85,20.9,20.65,20.67,41471.74
1676043900000,20.66,20.74,20.44,20.73,246924.37
1676044800000,20.72,20.89,20.68,20.77,69619.72
1676045700000,20.77,20.8,20.64,20.64,34634.9
1676046600000,20.65,20.79,20.61,20.68,101888.26
1676047500000,20.68,20.75,20.58,20.63,166923.45
1676048400000,20.63,20.71,20.62,20.65,25467.72
1676049300000,20.64,20.66,20.52,20.58,46704.27
1676050200000,20.58,20.77,20.57,20.68,59485.44
1676051100000,20.68,20.8,20.67,20.78,34681.92
1676052000000,20.78,20.81,20.7,20.73,30008.75
1676052900000,20.74,20.8,20.71,20.71,22757.89
1676053800000,20.72,20.76,20.7,20.71,11275.64
1676054700000,20.71,20.77,20.69,20.73,12905.54
1676055600000,20.74,20.77,20.63,20.65,25514.58
1676056500000,20.64,20.76,20.64,20.76,24405.57
1676057400000,20.76,20.99,20.75,20.89,56054.37
1676058300000,20.89,20.94,20.83,20.89,26870.2
1676059200000,20.89,20.91,20.82,20.83,24677.11
1676060100000,20.83,20.84,20.79,20.8,15770.07
1676061000000,20.8,20.89,20.79,20.8,24810.07
1676061900000,20.8,20.82,20.74,20.79,19789.05
1676062800000,20.8,20.81,20.66,20.68,21940.27
1676063700000,20.67,20.67,20.49,20.51,34784.87
1676064600000,20.51,20.51,20.07,20.21,218271.58
1676065500000,20.21,20.38,20.11,20.21,108695.6
1676066400000,20.21,20.33,20.15,20.32,50151.49
1676067300000,20.33,20.39,19.74,19.84,208787.16
1676068200000,19.84,20.17,19.68,20.17,114741.65
1676069100000,20.17,20.21,20,20,40596.63
1676070000000,20,20.18,19.93,20.15,50722.33
1676070900000,20.14,20.21,20.1,20.16,27979.36
1676071800000,20.16,20.26,20.11,20.21,23403.89
1676072700000,20.22,20.23,20.11,20.11,27714.75
1676073600000,20.1,20.27,20.1,20.19,161593.78
1676074500000,20.18,20.31,20.16,20.27,30031.23
1676075400000,20.27,20.37,20.25,20.26,21261.17
1676076300000,20.26,20.4,20.23,20.38,22980.97
1676077200000,20.38,20.42,20.35,20.36,24660.4
1676078100000,20.37,20.46,20.33,20.37,30932.58
1676079000000,20.36,20.38,20.31,20.31,25018.48
1676079900000,20.31,20.33,20.26,20.31,21202.39
1676080800000,20.3,20.32,20.26,20.31,16103.85
1676081700000,20.3,20.39,20.29,20.37,31078.33
1676082600000,20.37,20.37,20.3,20.33,8388.52
1676083500000,20.34,20.35,20.31,20.35,19587.42
1676084400000,20.34,20.48,20.34,20.45,18796.14
1676085300000,20.45,20.49,20.4,20.41,24459.54
1676086200000,20.41,20.42,20.37,20.4,9983
1676087100000,20.4,20.41,20.36,20.41,7737.96
1676088000000,20.4,20.42,20.34,20.39,12227.93
1676088900000,20.39,20.42,20.36,20.39,7274.82
1676089800000,20.38,20.38,20.34,20.37,8948.85
1676090700000,20.36,20.39,20.35,20.37,8683.38
1676091600000,20.37,20.39,20.35,20.36,11489.58
1676092500000,20.36,20.4,20.35,20.35,9746.01
1676093400000,20.36,20.36,20.31,20.33,21006.16
1676094300000,20.33,20.33,20.21,20.26,35769.89
1676095200000,20.27,20.28,20.21,20.26,11932.85
1676096100000,20.26,20.3,20.25,20.26,8520.49
1676097000000,20.26,20.29,20.23,20.27,9960.47
1676097900000,20.27,20.3,20.25,20.3,10359.48
1676098800000,20.29,20.37,20.28,20.32,19907.9
1676099700000,20.32,20.32,20.26,20.28,11665.83
1676100600000,20.28,20.31,20.22,20.3,9629.33
1676101500000,20.31,20.39,20.3,20.34,16887.86
1676102400000,20.33,20.36,20.3,20.36,6992.48
1676103300000,20.36,20.37,20.29,20.31,12632.74
1676104200000,20.31,20.37,20.29,20.36,15963.48
1676105100000,20.37,20.37,20.32,20.34,14052.89
1676106000000,20.34,20.37,20.32,20.37,10795.07
1676106900000,20.37,20.39,20.31,20.31,12052.65
1676107800000,20.31,20.35,20.29,20.35,8806.84
1676108700000,20.35,20.37,20.32,20.37,6604.72
1676109600000,20.36,20.37,20.27,20.3,13043.94
1676110500000,20.3,20.3,20.24,20.26,7931.2
1676111400000,20.26,20.3,20.23,20.25,11579.92
1676112300000,20.26,20.31,20.24,20.3,9462.06
1676113200000,20.3,20.31,20.26,20.29,9478.83
1676114100000,20.28,20.29,20.24,20.26,10980.75
1676115000000,20.25,20.31,20.25,20.3,6009.6
1676115900000,20.3,20.33,20.28,20.32,12055.35
1676116800000,20.31,20.38,20.3,20.37,20032.93
1676117700000,20.37,20.45,20.36,20.38,31460.17
1676118600000,20.38,20.4,20.34,20.36,16431.18
1676119500000,20.35,20.36,20.28,20.35,17965.56
1676120400000,20.35,20.38,20.32,20.36,18057.7
1676121300000,20.35,20.47,20.33,20.45,23465.41
1676122200000,20.45,20.49,20.41,20.48,12975.7
1676123100000,20.48,20.55,20.44,20.52,37448.05
1676124000000,20.52,20.53,20.44,20.49,28782.75
1676124900000,20.5,20.53,20.46,20.48,22741.66
1676125800000,20.48,20.5,20.43,20.46,14191.81
1676126700000,20.46,20.59,20.46,20.58,28303.61
1676127600000,20.58,20.62,20.53,20.55,35068
1676128500000,20.55,20.57,20.5,20.51,12357.04
1676129400000,20.5,20.56,20.45,20.47,14978.39
1676130300000,20.46,20.52,20.45,20.52,18976.41
1676131200000,20.52,20.52,20.46,20.47,12256.64
1676132100000,20.46,20.49,20.42,20.48,13887.12
1676133000000,20.48,20.48,20.38,20.4,16276.79
1676133900000,20.39,20.4,20.35,20.39,18405.99
1676134800000,20.38,20.4,20.32,20.34,12323.29
1676135700000,20.34,20.4,20.33,20.37,10703.43
1676136600000,20.38,20.38,20.26,20.33,19566.15
1676137500000,20.33,20.38,20.32,20.36,18683.02
1676138400000,20.36,20.45,20.35,20.43,18716.09
1676139300000,20.44,20.45,20.33,20.35,18175.44
1676140200000,20.34,20.41,20.28,20.32,61619.45
1676141100000,20.31,20.36,20.28,20.34,33503.41
1676142000000,20.34,20.38,20.32,20.32,12538.76
1676142900000,20.31,20.37,20.31,20.36,9275.72
1676143800000,20.36,20.38,20.34,20.36,6767.93
1676144700000,20.36,20.4,20.34,20.37,7715.83
1676145600000,20.38,20.39,20.33,20.38,5755.06
1676146500000,20.37,20.47,20.37,20.47,21203.47
1676147400000,20.47,20.49,20.44,20.47,12151.8
1676148300000,20.48,20.51,20.41,20.42,8621.45
1676149200000,20.42,20.46,20.38,20.45,12373.22
1676150100000,20.46,20.47,20.41,20.45,12532.03
1676151000000,20.46,20.51,20.43,20.51,13263.32
1676151900000,20.51,20.7,20.51,20.66,81337.77
1676152800000,20.67,20.75,20.59,20.69,26143.63
1676153700000,20.69,20.82,20.66,20.78,26139.48
1676154600000,20.78,20.92,20.77,20.9,53861.55
1676155500000,20.89,20.9,20.76,20.78,16189.65
1676156400000,20.78,20.82,20.72,20.77,25262.8
1676157300000,20.77,20.86,20.77,20.83,16469.92
1676158200000,20.83,20.84,20.79,20.84,16282.74
1676159100000,20.84,20.87,20.8,20.81,12344.55
1676160000000,20.81,20.83,20.7,20.73,36687.69
1676160900000,20.73,20.78,20.71,20.73,19962.95
1676161800000,20.72,20.74,20.65,20.68,19652.95
1676162700000,20.67,20.74,20.67,20.73,14015.85
1676163600000,20.72,20.76,20.69,20.72,15776.79
1676164500000,20.72,20.72,20.67,20.71,9580.72
1676165400000,20.71,20.73,20.67,20.7,7041.92
1676166300000,20.69,20.73,20.67,20.68,7009.36
1676167200000,20.68,20.69,20.63,20.67,13790.64
1676168100000,20.67,20.69,20.66,20.67,6970.24
1676169000000,20.68,20.7,20.63,20.63,5796.46
1676169900000,20.63,20.67,20.63,20.66,2424.61
1676170800000,20.67,20.7,20.65,20.68,10082.14
1676171700000,20.69,20.69,20.65,20.65,8317.58
1676172600000,20.64,20.7,20.62,20.69,7917.03
1676173500000,20.68,20.71,20.66,20.67,6945.79
1676174400000,20.67,20.7,20.65,20.69,5340.92
1676175300000,20.69,20.69,20.63,20.67,5831.65
1676176200000,20.68,20.7,20.63,20.67,6945.89
1676177100000,20.67,20.72,20.64,20.72,6464.79
1676178000000,20.72,20.75,20.71,20.73,10222.69
1676178900000,20.74,20.74,20.7,20.73,4505.19
1676179800000,20.73,20.75,20.71,20.75,14632.42
1676180700000,20.75,20.82,20.74,20.81,67058.19
1676181600000,20.81,20.89,20.8,20.82,55381.61
1676182500000,20.83,20.87,20.82,20.87,11668.63
1676183400000,20.87,20.89,20.85,20.88,7464.95
1676184300000,20.88,21.02,20.84,20.97,33710.89
1676185200000,20.97,20.98,20.89,20.91,23797.95
1676186100000,20.91,20.95,20.9,20.93,20946.44
1676187000000,20.94,20.94,20.87,20.9,30080.34
1676187900000,20.9,20.91,20.84,20.85,17201.72
1676188800000,20.85,20.89,20.84,20.88,20663.46
1676189700000,20.88,20.91,20.87,20.9,13699.63
1676190600000,20.9,21.01,20.88,21.01,16581.29
1676191500000,21,21.01,20.88,20.91,22846.86
1676192400000,20.9,21.02,20.88,20.99,21396.51
1676193300000,20.99,21.08,20.95,21.03,42943.7
1676194200000,21.04,21.05,20.96,20.97,17672.51
1676195100000,20.97,21.06,20.96,21.02,39484.89
1676196000000,21.02,21.04,20.96,20.98,29561.03
1676196900000,20.98,20.99,20.92,20.97,16067.16
1676197800000,20.97,21.05,20.96,21.02,21436.6
1676198700000,21.02,21.05,20.98,21,16953.44
1676199600000,21,21,20.95,20.96,16456.26
1676200500000,20.97,21.02,20.96,20.98,14128.39
1676201400000,20.99,21.05,20.97,21.02,12589.61
1676202300000,21.02,21.08,21,21.06,18243.16
1676203200000,21.06,21.12,21.02,21.03,25598.7
1676204100000,21.03,21.05,21,21.04,11062.5
1676205000000,21.05,21.07,20.92,20.95,31288.92
1676205900000,20.94,20.99,20.85,20.88,34755.81
1676206800000,20.88,20.93,20.87,20.92,14075.74
1676207700000,20.93,20.94,20.79,20.84,28328.1
1676208600000,20.84,20.86,20.77,20.82,28147.42
1676209500000,20.82,20.85,20.81,20.84,17603.98
1676210400000,20.84,20.86,20.82,20.83,14418.25
1676211300000,20.82,20.89,20.82,20.88,18521.55
1676212200000,20.88,21.07,20.88,21.02,61779.72
1676213100000,21.03,21.04,20.97,21.02,29951.12
1676214000000,21.02,21.34,21.01,21.33,76418.06
1676214900000,21.33,21.59,21.26,21.27,291104.52
1676215800000,21.27,21.36,21.21,21.27,50854.26
1676216700000,21.27,21.51,21.27,21.43,71919.35
1676217600000,21.43,21.59,21.38,21.58,61136.04
1676218500000,21.58,21.72,21.52,21.65,75863.8
1676219400000,21.65,21.83,21.56,21.67,145232.83
1676220300000,21.67,21.7,21.58,21.59,53932.93
1676221200000,21.59,21.71,21.58,21.64,48344.75
1676222100000,21.64,21.8,21.64,21.76,66649.18
1676223000000,21.76,21.85,21.72,21.73,32046.86
1676223900000,21.74,21.81,21.68,21.77,47881.27
1676224800000,21.77,22.59,21.72,22.38,768227.43
1676225700000,22.38,22.39,22.07,22.11,225394.88
1676226600000,22.12,22.24,22.07,22.23,81074.08
1676227500000,22.22,22.24,22.14,22.16,49697.39
1676228400000,22.16,22.18,22.1,22.11,28387.21
1676229300000,22.11,22.12,22,22.05,46658.19
1676230200000,22.05,22.1,22,22.08,45012.05
1676231100000,22.07,22.13,22.04,22.04,21941.64
1676232000000,22.05,22.14,22.04,22.08,17594.38
1676232900000,22.07,22.17,22.06,22.16,19200.98
1676233800000,22.16,22.22,22.12,22.21,21236.26
1676234700000,22.21,22.21,22.05,22.14,26443.92
1676235600000,22.13,22.17,22.04,22.04,23391.68
1676236500000,22.04,22.08,21.75,21.82,97710.98
1676237400000,21.81,21.89,21.52,21.55,163677.84
1676238300000,21.55,21.67,21.33,21.39,163909.96
1676239200000,21.39,21.47,21.1,21.19,253050.04
1676240100000,21.19,21.45,21.12,21.45,65783.32
1676241000000,21.45,21.67,21.38,21.62,57322.33
1676241900000,21.62,21.75,21.55,21.58,42441.65
1676242800000,21.58,21.72,21.48,21.56,80947.47
1676243700000,21.55,21.58,21.36,21.4,73503.57
1676244600000,21.4,21.51,21.35,21.48,28189.41
1676245500000,21.47,21.55,21.4,21.49,33578
1676246400000,21.49,21.56,21.31,21.34,57029.89
1676247300000,21.34,21.39,21.24,21.31,78385.99
1676248200000,21.32,21.4,21.18,21.34,55594.8
1676249100000,21.33,21.61,21.33,21.46,88416.32
1676250000000,21.46,21.5,21.2,21.24,67150.4
1676250900000,21.23,21.26,21.04,21.09,72858.28
1676251800000,21.08,21.22,20.9,21.21,98980.51
1676252700000,21.21,21.23,20.52,20.82,758643.45
1676253600000,20.82,20.91,20.78,20.87,87696.25
1676254500000,20.86,20.89,20.63,20.64,104489.57
1676255400000,20.64,20.73,20.46,20.66,150750.91
1676256300000,20.66,20.78,20.66,20.77,108706.94
1676257200000,20.77,20.79,20.72,20.74,25100.68
1676258100000,20.74,20.89,20.72,20.86,42138.46
1676259000000,20.86,20.92,20.84,20.9,25338.59
1676259900000,20.9,20.94,20.87,20.91,28766.74
1676260800000,20.92,20.96,20.88,20.92,29287.52
1676261700000,20.91,21.13,20.86,21.03,72362.95
1676262600000,21.03,21.04,20.92,21.02,24573.73
1676263500000,21.01,21.03,20.94,20.96,22157.17
1676264400000,20.98,21.07,20.95,21.06,8943.06
1676265300000,21.06,21.07,20.98,21.02,43312.85
1676266200000,21.01,21.03,20.99,21.03,48959.52
1676267100000,21.03,21.07,20.91,20.97,65563.64
1676268000000,20.97,21.03,20.95,21.03,21765.55
1676268900000,21.02,21.1,21.01,21.08,84951.88
1676269800000,21.08,21.09,21.03,21.07,15356.19
1676270700000,21.07,21.1,20.99,21.05,22173.13
1676271600000,21.04,21.06,20.95,21.06,17057.47
1676272500000,21.05,21.21,21.05,21.2,86255.42
1676273400000,21.19,21.31,21.12,21.12,93501.79
1676274300000,21.13,21.21,21.1,21.17,75694.81
1676275200000,21.17,21.19,20.93,21.04,63744.63
1676276100000,21.04,21.05,20.78,20.81,78870.11
1676277000000,20.81,20.9,20.64,20.66,54860.59
1676277900000,20.66,20.78,20.65,20.67,52716.42
1676278800000,20.67,20.76,20.38,20.44,254942.64
1676279700000,20.44,20.44,20.04,20.17,398118.46
1676280600000,20.16,20.37,20.12,20.34,148196.57
1676281500000,20.34,20.5,20.28,20.31,92735.78
1676282400000,20.32,20.47,20.31,20.38,63452.52
1676283300000,20.39,20.4,20.18,20.33,77774.3
1676284200000,20.33,20.53,20.33,20.49,68779.56
1676285100000,20.49,20.58,20.47,20.52,29606.63
1676286000000,20.52,20.58,20.44,20.48,31480.06
1676286900000,20.47,20.54,20.44,20.52,36811.47
1676287800000,20.51,20.54,20.42,20.54,47896.55
1676288700000,20.53,20.54,20.4,20.45,33653.01
1676289600000,20.45,20.58,20.39,20.57,36427.27
1676290500000,20.58,20.66,20.54,20.58,49618.56
1676291400000,20.58,20.61,20.54,20.54,30545.33
1676292300000,20.54,20.61,20.54,20.56,42775.99
1676293200000,20.56,20.58,20.5,20.51,20615.47
1676294100000,20.52,20.55,20.46,20.48,40145.36
1676295000000,20.48,20.53,20.41,20.49,35866.43
1676295900000,20.49,20.51,20.4,20.43,33861.75
1676296800000,20.42,20.51,20.42,20.47,49520.21
1676297700000,20.48,20.5,20.42,20.44,36856.35
1676298600000,20.45,20.7,20.43,20.62,110985.55
1676299500000,20.62,20.7,20.56,20.67,101410.77
1676300400000,20.67,20.69,20.51,20.54,43366.32
1676301300000,20.54,20.61,20.51,20.56,32066.99
1676302200000,20.57,20.6,20.44,20.47,45057.6
1676303100000,20.48,20.5,20.36,20.37,55801.83
1676304000000,20.37,20.53,20.35,20.47,62132.31
1676304900000,20.47,20.48,20.22,20.27,66409.77
1676305800000,20.28,20.33,20.04,20.29,128719.37
1676306700000,20.29,20.38,20.21,20.25,63022.76
1676307600000,20.24,20.3,20.07,20.08,43252
1676308500000,20.07,20.12,19.74,19.8,218119
1676309400000,19.8,20.02,19.79,19.84,95541.36
1676310300000,19.84,19.97,19.73,19.94,99793.25
1676311200000,19.94,20.19,19.92,20.19,87265.02
1676312100000,20.19,20.35,20.18,20.32,52610.05
1676313000000,20.33,20.44,20.29,20.36,54073.45
1676313900000,20.37,20.54,20.37,20.43,38479.42
1676314800000,20.44,20.49,20.39,20.4,32396.76
1676315700000,20.4,20.48,20.38,20.42,33532.16
1676316600000,20.42,20.44,20.3,20.31,39458.18
1676317500000,20.31,20.46,20.3,20.43,30201.57
1676318400000,20.43,20.47,20.32,20.42,37654.56
1676319300000,20.42,20.47,20.36,20.44,18781.28
1676320200000,20.44,20.5,20.38,20.4,47849.86
1676321100000,20.4,20.41,20.33,20.41,31537.46
1676322000000,20.42,20.45,20.35,20.36,15917.72
1676322900000,20.36,20.37,20.31,20.34,18863.76
1676323800000,20.34,20.36,20.26,20.26,15655.44
1676324700000,20.26,20.36,20.26,20.32,20838.88
1676325600000,20.32,20.34,20.28,20.29,13680.73
1676326500000,20.3,20.3,20.24,20.26,19733.94
1676327400000,20.26,20.42,20.26,20.37,35517.13
1676328300000,20.37,20.5,20.34,20.44,20526.47
1676329200000,20.45,20.56,20.41,20.52,45331.44
1676330100000,20.53,20.79,20.51,20.77,136784.66
1676331000000,20.78,20.84,20.68,20.82,94533.45
1676331900000,20.82,20.86,20.74,20.77,86591.29
1676332800000,20.77,20.86,20.67,20.76,78207.95
1676333700000,20.75,21.08,20.73,20.87,124154.53
1676334600000,20.87,20.96,20.86,20.95,72876.43
1676335500000,20.94,20.96,20.77,20.78,35083.84
1676336400000,20.79,20.8,20.74,20.74,22931.43
1676337300000,20.75,20.77,20.69,20.71,19197.42
1676338200000,20.71,20.78,20.66,20.76,25896.58
1676339100000,20.76,20.8,20.74,20.76,18967.6
1676340000000,20.76,20.89,20.72,20.85,31699.61
1676340900000,20.84,20.87,20.77,20.81,14994.84
1676341800000,20.81,20.88,20.77,20.85,22630.11
1676342700000,20.85,20.88,20.77,20.79,24470.56
1676343600000,20.8,20.94,20.78,20.91,39357.8
1676344500000,20.91,20.91,20.75,20.78,31283.24
1676345400000,20.78,20.86,20.77,20.79,13087.74
1676346300000,20.8,20.87,20.78,20.83,8741.21
1676347200000,20.81,20.85,20.76,20.8,21496.14
1676348100000,20.8,20.92,20.79,20.91,26070.99
1676349000000,20.91,20.93,20.86,20.87,13731.18
1676349900000,20.87,20.89,20.83,20.84,11586.16
1676350800000,20.84,20.95,20.83,20.87,11714.03
1676351700000,20.87,20.95,20.87,20.94,22355.34
1676352600000,20.95,20.96,20.88,20.88,40778.65
1676353500000,20.88,20.95,20.84,20.94,12153.1
1676354400000,20.93,20.98,20.88,20.98,20458.7
1676355300000,20.98,21,20.93,20.95,22816.57
1676356200000,20.95,20.97,20.89,20.89,15605.86
1676357100000,20.89,21.04,20.89,21.03,79975.41
1676358000000,21.03,21.04,20.97,20.99,26257.76
1676358900000,20.99,21.05,20.97,21.02,21998.36
1676359800000,21.03,21.09,20.99,21.04,27680.96
1676360700000,21.05,21.06,20.99,21.06,27649.11
1676361600000,21.06,21.08,20.86,20.92,45506
1676362500000,20.92,20.93,20.82,20.86,50471.02
1676363400000,20.87,20.88,20.78,20.83,37314.71
1676364300000,20.84,20.87,20.76,20.81,14468.59
1676365200000,20.82,20.93,20.78,20.86,33334.76
1676366100000,20.87,20.96,20.87,20.96,24792.02
1676367000000,20.96,21.03,20.92,21.01,54435.43
1676367900000,21.01,21.55,21.01,21.45,240283.76
1676368800000,21.46,21.5,21.31,21.4,109553.02
1676369700000,21.4,21.5,21.31,21.46,40906.38
1676370600000,21.46,21.57,21.4,21.49,46861.07
1676371500000,21.49,21.53,21.44,21.52,40223.44
1676372400000,21.53,21.61,21.41,21.41,75125.49
1676373300000,21.42,21.48,21.22,21.35,237338.64
1676374200000,21.36,21.37,21.28,21.31,60526.01
1676375100000,21.31,21.38,21.28,21.37,45455.26
1676376000000,21.37,21.37,21.3,21.31,29083.22
1676376900000,21.31,21.45,21.3,21.4,19537.81
1676377800000,21.41,21.46,21.3,21.34,29071.73
1676378700000,21.35,21.45,21.33,21.36,28864.85
1676379600000,21.36,21.5,21.35,21.45,59755.11
1676380500000,21.45,21.91,21.4,21.81,247584.67
1676381400000,21.8,21.8,20.88,21.27,768539.45
1676382300000,21.27,21.56,21.18,21.4,251351.44
1676383200000,21.4,21.46,21.1,21.12,161132.66
1676384100000,21.12,21.24,20.98,21.02,132905.3
1676385000000,21.02,21.49,20.88,21.39,333922.52
1676385900000,21.38,22.07,21.38,21.95,410912.43
1676386800000,21.95,22.37,21.87,22.26,346790.84
1676387700000,22.26,22.31,21.84,21.9,225061.88
1676388600000,21.89,22.01,21.6,21.78,248236.95
1676389500000,21.78,21.95,21.66,21.89,130323.01
1676390400000,21.89,22.06,21.84,21.88,130712.02
1676391300000,21.89,22.03,21.81,21.82,79115.71
1676392200000,21.82,21.84,21.69,21.69,94072.85
1676393100000,21.7,21.78,21.65,21.76,61296.59
1676394000000,21.75,21.82,21.69,21.73,63512.58
1676394900000,21.73,21.75,21.65,21.69,35894.06
1676395800000,21.69,21.77,21.66,21.68,29075.18
1676396700000,21.69,21.74,21.63,21.73,24840.28
1676397600000,21.72,21.96,21.71,21.92,184227.42
1676398500000,21.91,22,21.85,21.89,131751.94
1676399400000,21.89,21.97,21.86,21.87,82649.17
1676400300000,21.87,21.95,21.85,21.9,74895.58
1676401200000,21.91,21.99,21.77,21.82,107908.77
1676402100000,21.82,21.99,21.81,21.94,93830.7
1676403000000,21.95,22.06,21.9,22.02,139848.11
1676403900000,22.02,22.06,21.96,22.02,62743.67
1676404800000,22.02,22.06,21.94,21.94,84010.79
1676405700000,21.94,21.99,21.84,21.9,50031.84
1676406600000,21.91,21.92,21.85,21.88,37945.36
1676407500000,21.88,21.96,21.87,21.89,129181.79
1676408400000,21.89,21.9,21.64,21.78,91188.15
1676409300000,21.77,21.86,21.71,21.82,34030.52
1676410200000,21.81,21.83,21.75,21.8,23401.45
1676411100000,21.81,21.81,21.72,21.74,36471.97
1676412000000,21.75,21.77,21.71,21.74,13310.33
1676412900000,21.73,21.78,21.71,21.72,22403.36
1676413800000,21.72,21.75,21.64,21.64,22604.27
1676414700000,21.65,21.74,21.54,21.7,49539.21
1676415600000,21.7,21.85,21.67,21.82,37115.6
1676416500000,21.82,21.84,21.76,21.77,21405.62
1676417400000,21.78,21.82,21.76,21.8,12189.19
1676418300000,21.79,21.85,21.79,21.84,12739.07
1676419200000,21.84,21.93,21.72,21.72,36046.29
1676420100000,21.72,21.76,21.66,21.7,20290.85
1676421000000,21.71,21.76,21.55,21.6,34871.95
1676421900000,21.6,21.63,21.55,21.6,33352.77
1676422800000,21.6,21.66,21.55,21.57,23747.05
1676423700000,21.56,21.6,21.51,21.56,18200.32
1676424600000,21.56,21.59,21.52,21.58,21835.18
1676425500000,21.58,21.59,21.52,21.55,17015.79
1676426400000,21.55,21.64,21.53,21.6,16921.42
1676427300000,21.6,21.62,21.55,21.57,12759.91
1676428200000,21.56,21.58,21.52,21.52,10468.69
1676429100000,21.53,21.54,21.45,21.52,27549.31
1676430000000,21.51,21.57,21.5,21.56,22041.75
1676430900000,21.56,21.7,21.55,21.6,61948.84
1676431800000,21.6,21.63,21.52,21.59,66905.21
1676432700000,21.59,21.61,21.54,21.6,7917.38
1676433600000,21.6,21.64,21.56,21.57,14771.03
1676434500000,21.56,21.67,21.56,21.64,15772.13
1676435400000,21.63,21.65,21.59,21.59,14613.61
1676436300000,21.6,21.62,21.54,21.55,11283.03
1676437200000,21.55,21.64,21.54,21.57,15388.16
1676438100000,21.57,21.58,21.54,21.58,11618.64
1676439000000,21.58,21.67,21.57,21.66,17150.24
1676439900000,21.66,21.66,21.58,21.64,13778.69
1676440800000,21.63,21.68,21.61,21.68,13269
1676441700000,21.68,21.68,21.59,21.6,13129.27
1676442600000,21.59,21.61,21.53,21.6,18197.3
1676443500000,21.6,21.63,21.56,21.6,17360.54
1676444400000,21.6,21.66,21.59,21.65,12998.14
1676445300000,21.65,21.67,21.63,21.65,11004.75
1676446200000,21.65,21.66,21.55,21.61,18083.15
1676447100000,21.61,21.61,21.48,21.53,36248.41
1676448000000,21.54,21.57,21.46,21.51,18080.23
1676448900000,21.51,21.55,21.48,21.54,23086.62
1676449800000,21.54,21.61,21.48,21.5,24132.65
1676450700000,21.5,21.57,21.48,21.54,20158.11
1676451600000,21.54,21.63,21.53,21.6,40953.5
1676452500000,21.6,21.63,21.57,21.62,9694.38
1676453400000,21.63,21.68,21.61,21.67,20100.07
1676454300000,21.68,21.81,21.66,21.74,78238.61
1676455200000,21.74,21.76,21.68,21.69,14090.53
1676456100000,21.69,21.76,21.69,21.73,22692.6
1676457000000,21.73,21.83,21.71,21.81,28847.22
1676457900000,21.82,21.94,21.8,21.85,69526.58
1676458800000,21.85,21.93,21.77,21.8,51538.36
1676459700000,21.8,21.87,21.8,21.82,20271.49
1676460600000,21.81,22.15,21.81,22.12,127654.6
1676461500000,22.12,22.23,22.04,22.11,102678.03
1676462400000,22.11,22.36,22.11,22.3,151549.2
1676463300000,22.29,22.45,22.24,22.4,142430.97
1676464200000,22.39,22.75,22.39,22.54,158179.8
1676465100000,22.54,22.59,22.35,22.46,86191.37
1676466000000,22.46,22.49,22.39,22.42,41331.14
1676466900000,22.42,22.6,22.41,22.58,50284.43
1676467800000,22.58,22.58,22.38,22.54,147581.41
1676468700000,22.54,22.56,22.37,22.39,76792.63
1676469600000,22.4,22.54,22.38,22.45,54811.74
1676470500000,22.46,22.48,22.27,22.41,71257.04
1676471400000,22.41,22.51,22.38,22.45,80319.62
1676472300000,22.45,22.55,22.27,22.34,83718.97
1676473200000,22.35,22.39,22.23,22.34,82841.31
1676474100000,22.34,22.43,22.33,22.4,69304.65
1676475000000,22.4,22.46,22.37,22.38,56658.32
1676475900000,22.37,22.51,22.34,22.43,43656.98
1676476800000,22.42,22.59,22.41,22.51,98279.02
1676477700000,22.52,22.58,22.36,22.44,91653.12
1676478600000,22.44,22.45,22.32,22.38,43685.15
1676479500000,22.39,22.41,22.28,22.31,33802.29
1676480400000,22.31,22.36,22.27,22.32,28221.66
1676481300000,22.32,22.35,22.27,22.31,19001.81
1676482200000,22.31,22.41,22.3,22.39,32956.33
1676483100000,22.4,22.41,22.33,22.4,25498.27
1676484000000,22.41,22.41,22.33,22.39,14496.58
1676484900000,22.39,22.5,22.38,22.49,28193.83
1676485800000,22.49,22.67,22.45,22.66,90759.26
1676486700000,22.66,22.73,22.57,22.66,96750.08
1676487600000,22.67,22.89,22.63,22.87,94251.81
1676488500000,22.87,22.91,22.75,22.88,117162.39
1676489400000,22.88,22.99,22.86,22.97,98440.03
1676490300000,22.96,23.02,22.89,23,87490.19
1676491200000,23.01,23.12,22.93,23.04,106595.39
1676492100000,23.04,23.46,23.04,23.45,146389.51
1676493000000,23.45,23.8,23.39,23.46,282189.16
1676493900000,23.45,23.64,23.45,23.58,103819.49
1676494800000,23.58,23.64,23.51,23.6,116192.75
1676495700000,23.61,23.85,23.6,23.74,119052.16
1676496600000,23.73,23.93,23.58,23.64,158214.47
1676497500000,23.65,23.66,23.42,23.53,106587.42
1676498400000,23.53,23.62,23.43,23.5,90085.91
1676499300000,23.5,23.59,23.46,23.5,73936.25
1676500200000,23.5,23.67,23.5,23.57,36483.75
1676501100000,23.58,23.81,23.58,23.77,173885.46
1676502000000,23.76,23.81,23.64,23.77,106388.26
1676502900000,23.78,23.85,23.67,23.83,62871.42
1676503800000,23.83,23.87,23.75,23.77,40601.96
1676504700000,23.76,23.99,23.76,23.86,108776.83
1676505600000,23.86,23.96,23.76,23.93,133872.79
1676506500000,23.93,24.2,23.92,23.95,318078.06
1676507400000,23.96,23.96,23.56,23.67,121877.27
1676508300000,23.67,23.69,23.56,23.64,51880.3
1676509200000,23.64,23.8,23.63,23.78,48672.83
1676510100000,23.78,23.78,23.66,23.74,50313.69
1676511000000,23.74,23.79,23.68,23.71,22275.53
1676511900000,23.71,23.84,23.7,23.83,24498.3
1676512800000,23.83,23.94,23.8,23.92,79539.4
1676513700000,23.92,24.07,23.86,23.93,94883.35
1676514600000,23.94,24,23.84,23.85,54452.75
1676515500000,23.85,23.92,23.84,23.85,33199.97
1676516400000,23.85,23.88,23.82,23.83,24243.39
1676517300000,23.82,23.82,23.75,23.79,56642.85
1676518200000,23.79,23.86,23.79,23.82,38402.69
1676519100000,23.83,23.83,23.78,23.81,31061.13
1676520000000,23.82,23.87,23.71,23.71,53474.16
1676520900000,23.72,23.8,23.7,23.75,53487.52
1676521800000,23.75,23.79,23.72,23.73,21430.77
1676522700000,23.73,23.84,23.72,23.82,22801.38
1676523600000,23.81,23.88,23.81,23.85,33168.96
1676524500000,23.86,23.91,23.85,23.9,30846.86
1676525400000,23.89,23.89,23.81,23.82,18524.12
1676526300000,23.81,23.86,23.81,23.82,20749.8
1676527200000,23.83,23.86,23.79,23.8,22412.31
1676528100000,23.79,23.83,23.77,23.81,36025.03
1676529000000,23.82,23.88,23.81,23.86,21144.99
1676529900000,23.87,23.99,23.79,23.82,69246.51
1676530800000,23.81,23.84,23.59,23.71,145437.51
1676531700000,23.71,23.73,23.56,23.65,58134.16
1676532600000,23.65,23.67,23.54,23.6,30528.84
1676533500000,23.6,23.73,23.59,23.73,26521.19
1676534400000,23.73,23.76,23.62,23.69,33686.25
1676535300000,23.68,23.74,23.67,23.71,22730.93
1676536200000,23.71,23.76,23.67,23.75,25452.94
1676537100000,23.76,23.78,23.67,23.68,22293.62
1676538000000,23.68,23.71,23.63,23.68,49757.65
1676538900000,23.7,23.76,23.69,23.74,15554.18
1676539800000,23.74,23.77,23.7,23.72,23855.26
1676540700000,23.72,23.81,23.72,23.79,36236.69
1676541600000,23.8,23.9,23.76,23.86,41403.94
1676542500000,23.86,23.87,23.79,23.86,21374.21
1676543400000,23.86,23.86,23.74,23.79,38594.17
1676544300000,23.79,23.8,23.68,23.7,24295.41
1676545200000,23.7,23.71,23.6,23.61,36367.78
1676546100000,23.6,23.68,23.59,23.64,20225.97
1676547000000,23.64,23.67,23.53,23.54,36277.68
1676547900000,23.55,23.59,23.49,23.56,40701.44
1676548800000,23.57,23.59,23.45,23.46,40455.92
1676549700000,23.46,23.56,23.46,23.52,27775.21
1676550600000,23.52,23.65,23.52,23.64,25142.72
1676551500000,23.64,23.73,23.64,23.71,23712.48
1676552400000,23.71,23.73,23.62,23.65,31791.14
1676553300000,23.65,23.68,23.57,23.68,29132.02
1676554200000,23.67,23.81,23.37,23.52,252872.66
1676555100000,23.52,23.52,23.16,23.29,229697.27
1676556000000,23.3,23.42,23.2,23.32,110237.42
1676556900000,23.33,23.34,23.15,23.19,53297.37
1676557800000,23.19,23.3,23.06,23.15,129347.5
1676558700000,23.15,23.31,23.11,23.25,64143.77
1676559600000,23.25,23.48,23.19,23.44,79457.89
1676560500000,23.43,23.59,23.4,23.48,104676.61
1676561400000,23.48,23.75,23.45,23.74,85661.41
1676562300000,23.74,23.88,23.72,23.86,184630.16
1676563200000,23.86,24.14,23.36,23.5,457720.05
1676564100000,23.51,23.65,23.39,23.62,199167.84
1676565000000,23.61,23.8,23.58,23.69,192061.64
1676565900000,23.69,23.81,23.65,23.68,65790.95
1676566800000,23.68,23.73,23.6,23.67,51230.45
1676567700000,23.67,23.74,23.55,23.67,44960.92
1676568600000,23.67,23.8,23.65,23.79,28601.61
1676569500000,23.79,23.81,23.71,23.74,42319.65
1676570400000,23.74,23.79,23.66,23.76,37237.62
1676571300000,23.76,23.77,23.65,23.7,45952.1
1676572200000,23.7,23.92,23.68,23.91,50132.53
1676573100000,23.91,23.96,23.81,23.85,51529.09
1676574000000,23.85,23.91,23.78,23.78,35899.52
1676574900000,23.78,23.81,23.66,23.66,37562.05
1676575800000,23.66,23.68,23.6,23.65,35504.41
1676576700000,23.65,23.66,23.55,23.59,27122.95
1676577600000,23.59,23.61,23.5,23.54,44869.43
1676578500000,23.54,23.54,23.11,23.11,153938.02
1676579400000,23.11,23.39,23.1,23.33,73696.21
1676580300000,23.33,23.39,23.2,23.26,48095.09
1676581200000,23.25,23.26,23.08,23.2,63012.46
1676582100000,23.2,23.2,23.01,23.02,49773.87
1676583000000,23.01,23.07,22.85,22.88,112002.23
1676583900000,22.88,23,22.86,22.99,54434.1
1676584800000,22.99,23.05,22.82,22.83,46117.21
1676585700000,22.83,22.86,22.31,22.59,198548.74
1676586600000,22.59,22.6,22.31,22.55,170662.03
1676587500000,22.56,22.59,22.41,22.41,83469.92
1676588400000,22.41,22.62,22.35,22.51,153525.75
1676589300000,22.51,22.54,22.35,22.36,130141.35
1676590200000,22.36,22.43,22.2,22.34,151953.44
1676591100000,22.34,22.34,22.23,22.24,86911.32
1676592000000,22.24,22.37,21.99,22.32,233411.41
1676592900000,22.32,22.45,22.31,22.44,36332.42
1676593800000,22.45,22.61,22.44,22.59,55111.52
1676594700000,22.59,22.62,22.49,22.56,70948.13
1676595600000,22.55,22.67,22.52,22.62,35583.61
1676596500000,22.62,22.64,22.56,22.62,22201.61
1676597400000,22.62,22.63,22.57,22.62,19186.24
1676598300000,22.61,22.63,22.53,22.61,36224.99
1676599200000,22.61,22.62,22.5,22.52,27097.66
1676600100000,22.53,22.61,22.52,22.58,12051.04
1676601000000,22.58,22.63,22.53,22.63,10563.37
1676601900000,22.63,22.65,22.6,22.61,16191.61
1676602800000,22.61,22.71,22.6,22.7,13477.68
1676603700000,22.7,22.77,22.69,22.76,29877.63
1676604600000,22.77,22.8,22.68,22.68,21327.16
1676605500000,22.68,22.75,22.65,22.68,37970.69
1676606400000,22.68,22.79,22.67,22.74,30840.04
1676607300000,22.74,22.74,22.65,22.65,19811.08
1676608200000,22.65,22.67,22.52,22.62,35299.26
1676609100000,22.61,22.67,22.57,22.67,11954.08
1676610000000,22.67,22.68,22.55,22.58,10669.05
1676610900000,22.59,22.63,22.54,22.56,24581.01
1676611800000,22.57,22.63,22.55,22.63,28435.34
1676612700000,22.63,22.63,22.55,22.57,14756.49
1676613600000,22.58,22.67,22.58,22.67,26484.96
1676614500000,22.66,22.67,22.58,22.65,18208.57
1676615400000,22.65,22.67,22.61,22.62,17678.11
1676616300000,22.62,22.65,22.61,22.65,24068.36
1676617200000,22.66,22.81,22.63,22.8,30965.8
1676618100000,22.79,22.8,22.69,22.76,23983.85
1676619000000,22.76,22.77,22.64,22.67,75696.99
1676619900000,22.67,22.67,22.52,22.54,46563.35
1676620800000,22.54,22.59,22.46,22.56,57242.24
1676621700000,22.56,22.58,22.51,22.52,15345.99
1676622600000,22.52,22.58,22.48,22.54,28297.74
1676623500000,22.53,22.69,22.53,22.69,17862.14
1676624400000,22.69,22.72,22.6,22.63,32584.53
1676625300000,22.62,22.65,22.6,22.65,12008.26
1676626200000,22.66,22.72,22.64,22.65,14010.15
1676627100000,22.64,22.67,22.6,22.63,14150.96
1676628000000,22.64,22.64,22.55,22.63,33573.41
1676628900000,22.63,22.63,22.56,22.57,14664.52
1676629800000,22.57,22.63,22.53,22.63,16413.64
1676630700000,22.63,22.63,22.53,22.55,14936.07
1676631600000,22.55,22.6,22.53,22.57,32721.68
1676632500000,22.58,22.67,22.56,22.65,32493.65
1676633400000,22.65,22.68,22.59,22.6,30128.11
1676634300000,22.59,22.61,22.56,22.6,15022.24
1676635200000,22.6,22.66,22.56,22.65,24389.85
1676636100000,22.66,22.69,22.6,22.66,22000.28
1676637000000,22.66,22.72,22.62,22.71,18878.88
1676637900000,22.71,22.72,22.65,22.7,17345.99
1676638800000,22.7,22.71,22.65,22.69,24852.89
1676639700000,22.69,22.71,22.54,22.56,40492.24
1676640600000,22.57,22.62,22.53,22.58,39061.91
1676641500000,22.57,22.64,22.54,22.59,27531.09
1676642400000,22.59,22.7,22.58,22.69,51073.28
1676643300000,22.68,22.79,22.66,22.69,55402.34
1676644200000,22.69,22.99,22.68,22.93,170733.04
1676645100000,22.93,22.94,22.43,22.63,308926.9
1676646000000,22.63,22.85,22.61,22.76,91962.66
1676646900000,22.78,22.9,22.69,22.75,92498.85
1676647800000,22.75,22.92,22.74,22.84,62538.39
1676648700000,22.84,22.88,22.76,22.79,49531
1676649600000,22.79,22.95,22.78,22.88,65619.58
1676650500000,22.88,22.89,22.67,22.71,50815.51
1676651400000,22.7,22.8,22.58,22.79,49686.18
1676652300000,22.79,22.85,22.75,22.8,35382.03
1676653200000,22.79,23.14,22.79,23.08,98631.04
1676654100000,23.09,23.17,22.97,23.04,89125.09
1676655000000,23.04,23.11,23.01,23.09,67389.77
1676655900000,23.08,23.15,22.95,22.97,50179.08
1676656800000,22.96,23.05,22.92,23.02,36188.21
1676657700000,23.03,23.08,22.96,23.01,32802.12
1676658600000,23.01,23.1,22.93,23.08,34141.86
1676659500000,23.08,23.14,23.06,23.14,17327.05
1676660400000,23.14,23.19,23.05,23.08,37338.67
1676661300000,23.08,23.26,23.07,23.18,59580.69
1676662200000,23.19,23.42,23.19,23.38,75411.69
1676663100000,23.38,23.49,23.38,23.46,96778.46
1676664000000,23.46,23.54,23.4,23.5,206777.85
1676664900000,23.49,23.51,23.4,23.43,77298.63
1676665800000,23.43,23.49,23.33,23.34,32867.8
1676666700000,23.33,23.43,23.32,23.43,36155.19
1676667600000,23.43,23.49,23.39,23.48,29055.41
1676668500000,23.48,23.53,23.44,23.45,70884.29
1676669400000,23.46,23.47,23.35,23.36,33230.93
1676670300000,23.36,23.38,23.14,23.17,78600.5
1676671200000,23.16,23.19,22.69,22.8,140897.1
1676672100000,22.8,23.05,22.75,23.03,75377.87
1676673000000,23.04,23.2,23.04,23.17,80825.1
1676673900000,23.17,23.2,23.1,23.18,23323.6
1676674800000,23.18,23.19,23.07,23.07,66094.64
1676675700000,23.08,23.11,23.04,23.1,29289.06
1676676600000,23.1,23.18,23.1,23.16,16128.83
1676677500000,23.16,23.21,23.13,23.14,50385.89
1676678400000,23.14,23.27,23.13,23.21,18907.19
1676679300000,23.21,23.4,23.2,23.35,58923.16
1676680200000,23.36,23.38,23.22,23.25,30479.21
1676681100000,23.25,23.38,23.24,23.33,21379.53
1676682000000,23.31,23.38,23.31,23.38,17529.78
1676682900000,23.38,23.45,23.32,23.45,16819.55
1676683800000,23.44,23.53,23.33,23.46,46541.25
1676684700000,23.45,23.63,23.45,23.57,50418.45
1676685600000,23.57,23.6,23.46,23.49,36496.01
1676686500000,23.48,23.5,23.39,23.39,20973.42
1676687400000,23.39,23.45,23.34,23.38,13688.79
1676688300000,23.38,23.39,23.31,23.33,12741.55
1676689200000,23.32,23.33,23.28,23.28,17905.64
1676690100000,23.28,23.38,23.27,23.3,17559.93
1676691000000,23.3,23.38,23.3,23.36,13294.91
1676691900000,23.36,23.36,23.31,23.34,13139.98
1676692800000,23.35,23.44,23.35,23.43,12241.64
1676693700000,23.42,23.46,23.38,23.44,9259.51
1676694600000,23.44,23.48,23.43,23.44,9645.53
1676695500000,23.44,23.45,23.41,23.42,7288.15
1676696400000,23.42,23.45,23.4,23.43,6390.68
1676697300000,23.42,23.43,23.4,23.43,5962.7
1676698200000,23.42,23.47,23.41,23.45,10692.69
1676699100000,23.45,23.47,23.44,23.44,6999.6
1676700000000,23.43,23.48,23.41,23.43,12325.46
1676700900000,23.44,23.44,23.38,23.41,15821.07
1676701800000,23.41,23.46,23.4,23.42,17465.65
1676702700000,23.43,23.44,23.3,23.34,28240.22
1676703600000,23.34,23.34,23.2,23.26,42516.69
1676704500000,23.26,23.28,23.18,23.21,19781.59
1676705400000,23.22,23.24,23.17,23.21,13925.34
1676706300000,23.22,23.24,23.11,23.22,32337.77
1676707200000,23.22,23.24,23.14,23.2,16542.23
1676708100000,23.2,23.24,23.17,23.24,11698.72
1676709000000,23.24,23.25,23.13,23.16,22263.28
1676709900000,23.16,23.26,23.12,23.22,76571
1676710800000,23.22,23.25,23.16,23.22,40681.67
1676711700000,23.23,23.25,23.18,23.2,22383.23
1676712600000,23.2,23.23,23.17,23.18,11520.28
1676713500000,23.18,23.22,23.17,23.19,6726.02
1676714400000,23.2,23.23,23.14,23.17,15267.89
1676715300000,23.17,23.18,23.04,23.1,59037.03
1676716200000,23.1,23.11,22.99,23.02,26567.89
1676717100000,23.02,23.05,22.93,22.93,23466.31
1676718000000,22.93,23.02,22.92,22.98,37172.25
1676718900000,22.99,23.02,22.94,23.01,21256.29
1676719800000,23.01,23.08,23,23.03,19835.64
1676720700000,23.03,23.06,23,23.06,12624.2
1676721600000,23.06,23.18,23,23.16,19152.53
1676722500000,23.17,23.23,23.14,23.22,34999.18
1676723400000,23.22,23.22,23.14,23.2,24636.8
1676724300000,23.2,23.25,23.19,23.23,21686.59
1676725200000,23.23,23.26,23.2,23.26,18666.15
1676726100000,23.25,23.35,23.25,23.3,19443.7
1676727000000,23.31,23.34,23.23,23.27,15635.64
1676727900000,23.26,23.3,23.23,23.24,21768.62
1676728800000,23.23,23.26,23.15,23.25,20519.51
1676729700000,23.26,23.27,23.17,23.27,15567.62
1676730600000,23.27,23.31,23.18,23.18,24352.13
1676731500000,23.18,23.35,23.18,23.29,32233.45
1676732400000,23.3,23.41,23.28,23.34,46588.16
1676733300000,23.35,23.43,23.34,23.38,24442.57
1676734200000,23.38,23.47,23.37,23.45,59151.61
1676735100000,23.46,23.55,23.42,23.42,38782.22
1676736000000,23.41,23.49,23.4,23.48,24127.29
1676736900000,23.49,23.49,23.41,23.42,20106.52
1676737800000,23.42,23.51,23.4,23.42,35348.99
1676738700000,23.42,23.94,23.42,23.61,189457.68
1676739600000,23.62,23.64,23.53,23.54,43308.71
1676740500000,23.54,23.6,23.47,23.57,30550.49
1676741400000,23.58,23.59,23.41,23.49,32505.87
1676742300000,23.48,23.6,23.45,23.55,40263.9
1676743200000,23.56,23.67,23.5,23.65,52051.41
1676744100000,23.65,23.77,23.63,23.69,78135.29
1676745000000,23.7,23.72,23.54,23.59,38697.17
1676745900000,23.59,23.65,23.57,23.61,16857.83
1676746800000,23.6,23.7,23.59,23.66,30422.21
1676747700000,23.67,23.68,23.61,23.67,13413.41
1676748600000,23.66,23.69,23.44,23.44,39072.25
1676749500000,23.44,23.53,23.42,23.48,35321.81
1676750400000,23.48,23.51,23.26,23.39,61320.03
1676751300000,23.39,23.44,23.36,23.39,13884.29
1676752200000,23.39,23.43,23.3,23.36,39704.75
1676753100000,23.36,23.39,23.29,23.32,12237.22
1676754000000,23.31,23.43,23.3,23.38,18380.67
1676754900000,23.38,23.49,23.38,23.47,27876.99
1676755800000,23.46,23.47,23.4,23.45,9144.89
1676756700000,23.45,23.57,23.45,23.55,13325.61
1676757600000,23.55,23.63,23.54,23.58,33901.76
1676758500000,23.58,23.65,23.54,23.64,9442.06
1676759400000,23.64,23.67,23.54,23.57,52440.94
1676760300000,23.57,23.63,23.56,23.59,15019.85
1676761200000,23.59,23.62,23.52,23.52,27229.09
1676762100000,23.52,23.54,23.47,23.52,19014.18
1676763000000,23.52,23.54,23.43,23.43,44707.01
1676763900000,23.44,23.5,23.43,23.45,11307.78
1676764800000,23.46,23.49,23.42,23.43,9574.72
1676765700000,23.43,23.59,23.39,23.58,24541.2
1676766600000,23.57,23.57,23.47,23.56,13436.68
1676767500000,23.55,23.6,23.54,23.58,10638.1
1676768400000,23.57,23.59,23.5,23.51,17585.87
1676769300000,23.5,23.51,23.22,23.31,30164.32
1676770200000,23.31,23.37,23.3,23.35,24997.41
1676771100000,23.35,23.35,23.2,23.29,33275.45
1676772000000,23.29,23.35,23.26,23.28,39438.68
1676772900000,23.27,23.34,23.27,23.31,9336.58
1676773800000,23.3,23.35,23.3,23.32,9397.94
1676774700000,23.32,23.38,23.31,23.37,6549.79
1676775600000,23.38,23.4,23.35,23.38,8966.68
1676776500000,23.37,23.4,23.32,23.35,8879.06
1676777400000,23.34,23.34,23.28,23.29,4593.6
1676778300000,23.29,23.3,23.25,23.3,4520.68
1676779200000,23.3,23.39,23.28,23.34,12029.66
1676780100000,23.35,23.35,23.26,23.3,7367.02
1676781000000,23.3,23.4,23.29,23.35,17171.62
1676781900000,23.36,23.44,23.35,23.42,10042.84
1676782800000,23.42,23.49,23.39,23.46,14744.95
1676783700000,23.46,23.72,23.43,23.67,109979.22
1676784600000,23.67,23.73,23.62,23.7,33955.63
1676785500000,23.69,24,23.61,23.96,135195.8
1676786400000,23.95,23.97,23.66,23.73,64860.78
1676787300000,23.72,23.73,23.61,23.64,65574.3
1676788200000,23.64,23.69,23.6,23.66,21765.38
1676789100000,23.66,23.67,23.54,23.65,34817.81
1676790000000,23.65,23.72,23.62,23.64,20439.08
1676790900000,23.64,23.64,23.55,23.58,18430.71
1676791800000,23.58,23.61,23.53,23.56,11664.05
1676792700000,23.55,23.55,23.5,23.53,18103.28
1676793600000,23.53,23.61,23.53,23.6,13257.87
1676794500000,23.6,23.6,23.51,23.53,19897.59
1676795400000,23.53,23.58,23.51,23.52,12725.32
1676796300000,23.53,23.57,23.46,23.48,22682.72
1676797200000,23.49,23.55,23.48,23.51,12849.05
1676798100000,23.51,23.58,23.49,23.56,12889.05
1676799000000,23.55,23.65,23.51,23.61,45441.05
1676799900000,23.6,23.62,23.54,23.59,31772.83
1676800800000,23.59,23.63,23.52,23.55,29411.26
1676801700000,23.55,23.64,23.54,23.63,17137.78
1676802600000,23.63,23.64,23.54,23.61,35195.89
1676803500000,23.61,23.66,23.59,23.6,32397.17
1676804400000,23.6,23.62,23.54,23.58,19170.95
1676805300000,23.59,23.69,23.55,23.66,42010.61
1676806200000,23.66,23.72,23.62,23.64,34574.06
1676807100000,23.65,23.73,23.62,23.69,12222.47
1676808000000,23.7,23.8,23.7,23.74,35161.72
1676808900000,23.74,23.82,23.7,23.8,39391.39
1676809800000,23.8,23.87,23.77,23.86,29835.08
1676810700000,23.87,24.5,23.85,24.4,358266.67
1676811600000,24.41,24.44,24.12,24.19,233670.86
1676812500000,24.19,24.2,24.08,24.17,79258.23
1676813400000,24.17,24.33,24.11,24.24,80868.22
1676814300000,24.25,24.34,24.23,24.29,67376.44
1676815200000,24.29,24.46,24.25,24.29,119325.32
1676816100000,24.29,24.43,24.25,24.26,66355.71
1676817000000,24.25,24.35,24.21,24.3,54855.58
1676817900000,24.3,24.37,24.25,24.33,63762.43
1676818800000,24.33,24.75,24.29,24.6,197980.81
1676819700000,24.59,24.83,24.31,24.46,398319.73
1676820600000,24.47,24.9,24.45,24.81,206273.23
1676821500000,24.8,25.28,24.76,25.26,401266.39
1676822400000,25.27,25.39,24.92,25.18,396749.88
1676823300000,25.18,25.24,24.96,25,119216.37
1676824200000,25,25.08,24.82,24.88,180782.07
1676825100000,24.88,24.9,24.3,24.59,312798.98
1676826000000,24.59,24.66,24,24.31,401597.58
1676826900000,24.31,24.75,24.26,24.68,234244.42
1676827800000,24.67,24.75,24.5,24.55,92215.41
1676828700000,24.55,24.55,24.24,24.37,305589.48
1676829600000,24.36,24.58,24.33,24.53,118759.42
1676830500000,24.52,24.6,24.3,24.3,140280.44
1676831400000,24.31,24.37,24.09,24.1,86890.88
1676832300000,24.1,24.29,24.09,24.27,36916.19
1676833200000,24.26,24.42,24.21,24.36,56288.49
1676834100000,24.38,24.56,24.33,24.48,39818.23
1676835000000,24.47,24.73,24.43,24.71,73809.88
1676835900000,24.7,24.78,24.57,24.65,98618.02
1676836800000,24.65,24.65,24.39,24.49,109137.12
1676837700000,24.48,24.48,24.01,24.16,196997.05
1676838600000,24.17,24.52,24.17,24.5,71034.15
1676839500000,24.5,24.77,24.49,24.67,117339.84
1676840400000,24.67,24.72,24.59,24.67,42243.73
1676841300000,24.66,24.83,24.62,24.69,94473.35
1676842200000,24.69,24.84,24.63,24.82,51381
1676843100000,24.83,25.22,24.73,25.19,207551.66
1676844000000,25.19,25.5,25.02,25.39,300878.46
1676844900000,25.39,25.61,25.26,25.6,176398.62
1676845800000,25.6,25.64,25.21,25.29,152723.21
1676846700000,25.29,25.38,25.17,25.2,50509.85
1676847600000,25.2,25.21,25.05,25.09,84399.66
1676848500000,25.1,25.15,25.01,25.07,63320.54
1676849400000,25.08,25.11,24.81,24.91,135062.69
1676850300000,24.91,24.96,24.75,24.84,90496.21
1676851200000,24.83,25.06,24.83,24.93,80006.2
1676852100000,24.93,24.95,24.6,24.61,112619.91
1676853000000,24.6,24.73,24.56,24.59,67456.39
1676853900000,24.59,24.65,24.43,24.53,73197.07
1676854800000,24.53,24.71,24.16,24.17,220910.91
1676855700000,24.17,24.64,24.11,24.62,219234.14
1676856600000,24.63,24.81,24.57,24.77,168819.74
1676857500000,24.78,24.79,24.67,24.68,60864.68
1676858400000,24.68,25.01,24.63,24.99,59186.77
1676859300000,24.99,25.83,24.94,25.78,448740.69
1676860200000,25.78,25.9,25.55,25.72,263881.63
1676861100000,25.72,26.02,25.59,25.75,202154.91
1676862000000,25.74,26,25.72,25.78,126264.87
1676862900000,25.77,25.87,25.68,25.78,93403.14
1676863800000,25.78,26.25,25.66,26.23,230261.45
1676864700000,26.23,26.33,26.06,26.16,215390.73
1676865600000,26.16,26.17,25.88,25.88,128631.73
1676866500000,25.89,25.99,25.84,25.96,110240.09
1676867400000,25.95,26.05,25.88,25.99,77652.47
1676868300000,25.99,26.52,25.93,26.49,224589.45
1676869200000,26.49,26.75,26.3,26.56,247573.72
1676870100000,26.56,26.82,26.46,26.51,247810.43
1676871000000,26.51,26.91,26.5,26.53,246918.7
1676871900000,26.52,26.56,26.36,26.46,174188.74
1676872800000,26.46,26.54,26.35,26.35,61257.07
1676873700000,26.36,26.72,26.35,26.7,158228.77
1676874600000,26.7,26.84,26.6,26.66,131350.29
1676875500000,26.65,26.72,26.55,26.58,87498.9
1676876400000,26.58,26.78,26.53,26.55,106712.78
1676877300000,26.55,27.12,26.55,26.9,428384.41
1676878200000,26.91,26.94,26.51,26.57,149036.87
1676879100000,26.57,26.64,26.41,26.49,143617.05
1676880000000,26.48,26.61,26.39,26.54,113637.08
1676880900000,26.54,26.68,26.46,26.55,82262.04
1676881800000,26.55,26.66,26.25,26.41,137003.25
1676882700000,26.4,26.46,26.18,26.24,115657.08
1676883600000,26.25,26.31,26.06,26.07,117073.52
1676884500000,26.07,26.2,26.03,26.12,92967.76
1676885400000,26.11,26.48,26.06,26.35,125413.93
1676886300000,26.35,26.44,26.23,26.31,83075.11
1676887200000,26.32,26.47,26.22,26.46,77819.86
1676888100000,26.46,26.55,26.35,26.46,52720.79
1676889000000,26.46,26.49,26.34,26.36,71797.33
1676889900000,26.36,26.42,26.26,26.36,52911.37
1676890800000,26.36,26.68,26.36,26.45,111412.34
1676891700000,26.45,26.54,26.42,26.45,62465.25
1676892600000,26.45,26.54,26.36,26.5,68525.19
1676893500000,26.5,26.5,26.35,26.38,42235.66
1676894400000,26.38,26.47,26.31,26.42,43741.18
1676895300000,26.43,26.64,26.4,26.49,110709.19
1676896200000,26.49,26.52,26.44,26.52,75612.59
1676897100000,26.52,26.6,26.18,26.35,153196.28
1676898000000,26.35,26.71,26.34,26.59,89246.21
1676898900000,26.58,26.59,26.48,26.55,34783.21
1676899800000,26.55,26.56,26.4,26.41,55211.12
1676900700000,26.42,26.46,26.32,26.41,46649.09
1676901600000,26.41,26.44,26.33,26.41,78919.17
1676902500000,26.4,26.46,26.24,26.24,63653.34
1676903400000,26.24,26.57,26.13,26.36,181879.98
1676904300000,26.37,26.65,26.25,26.42,136246.35
1676905200000,26.42,26.54,26.35,26.36,83650.68
1676906100000,26.36,26.46,26.25,26.27,55444.98
1676907000000,26.28,26.45,26.26,26.42,45136.05
1676907900000,26.41,26.63,26.36,26.54,100199.35
1676908800000,26.54,26.57,26.06,26.13,164545.44
1676909700000,26.13,26.19,25.78,25.91,221624.95
1676910600000,25.91,25.99,25.64,25.87,141111.87
1676911500000,25.88,26.08,25.84,25.95,80036.6
1676912400000,25.94,26.01,25.79,25.84,59771.06
1676913300000,25.85,25.86,25.67,25.74,87879.16
1676914200000,25.74,25.85,25.68,25.74,52136.12
1676915100000,25.75,25.77,25.65,25.69,62416.12
1676916000000,25.68,25.79,25.55,25.67,94867.18
1676916900000,25.66,25.7,25.57,25.66,105795.67
1676917800000,25.66,25.83,25.6,25.79,70543.54
1676918700000,25.79,25.85,25.73,25.82,36308.46
1676919600000,25.82,26.1,25.82,26.09,86891.43
1676920500000,26.09,26.14,25.97,26.13,60424.52
1676921400000,26.13,26.45,26.12,26.4,132775.29
1676922300000,26.39,26.49,26.32,26.34,94472.33
1676923200000,26.34,26.38,26.1,26.11,87586.8
1676924100000,26.11,26.21,26.03,26.14,34701.91
1676925000000,26.15,26.29,26.11,26.29,29624.61
1676925900000,26.29,26.33,26.22,26.24,44206.34
1676926800000,26.25,26.37,26.22,26.36,26538.55
1676927700000,26.36,26.38,26.21,26.31,27635.74
1676928600000,26.32,26.32,26.2,26.27,17598.92
1676929500000,26.27,26.28,26.12,26.12,21177.72
1676930400000,26.12,26.3,26.12,26.3,24789.47
1676931300000,26.3,26.32,26.12,26.15,27953.85
1676932200000,26.15,26.24,26.15,26.21,16122.66
1676933100000,26.2,26.31,26.19,26.23,14729.69
1676934000000,26.23,26.23,25.95,26.1,76689.48
1676934900000,26.1,26.13,25.9,26.13,45894.19
1676935800000,26.13,26.15,25.97,25.97,15061.97
1676936700000,25.97,26.28,25.97,26.26,76986.4
1676937600000,26.26,26.61,26.1,26.16,191007.34
1676938500000,26.16,26.17,25.92,26.04,105931.61
1676939400000,26.04,26.34,26,26.25,44376.15
1676940300000,26.26,26.48,26.22,26.42,60720.93
1676941200000,26.42,26.48,26.2,26.22,56703.87
1676942100000,26.22,26.28,26,26.01,34874.76
1676943000000,26.02,26.08,26,26.02,76164.28
1676943900000,26.01,26.09,25.81,25.82,98249.18
1676944800000,25.82,26.01,25.78,25.99,40007.02
1676945700000,25.99,26.02,25.87,26.01,38936.58
1676946600000,26.01,26.45,26,26.3,141842.79
1676947500000,26.29,26.31,25.94,25.94,72500.81
1676948400000,25.95,25.99,25.79,25.96,62509.54
1676949300000,25.96,26.04,25.9,26,20512.37
1676950200000,26.01,26.2,26.01,26.11,41700.37
1676951100000,26.12,26.23,26.08,26.12,16269.22
1676952000000,26.12,26.19,25.97,25.99,21812.26
1676952900000,25.99,26.01,25.83,25.93,36345.59
1676953800000,25.93,25.93,25.71,25.79,71883.96
1676954700000,25.79,25.95,25.75,25.91,23950.44
1676955600000,25.93,26.14,25.92,26.04,43250.29
1676956500000,26.05,26.06,25.9,25.99,17329.5
1676957400000,25.98,26,25.86,25.91,15645.97
1676958300000,25.9,25.95,25.82,25.85,17908.89
1676959200000,25.85,26.03,25.84,26.02,27630.77
1676960100000,26.02,26.02,25.88,25.96,20803.43
1676961000000,25.97,26.11,25.9,26.09,33757.93
1676961900000,26.1,26.3,26.04,26.29,70579.85
1676962800000,26.29,26.3,25.91,26.06,94857.11
1676963700000,26.05,26.06,25.97,26.04,19609.2
1676964600000,26.05,26.12,26.01,26.04,16146.88
1676965500000,26.04,26.1,26,26.02,16645.07
1676966400000,26.03,26.13,25.95,26.04,32979.35
1676967300000,26.03,26.25,25.95,26.02,100013.24
1676968200000,26.02,26.04,25.54,25.62,304403.51
1676969100000,25.61,25.62,25.07,25.27,427302.93
1676970000000,25.26,25.43,25.19,25.27,235499.22
1676970900000,25.27,25.39,25.17,25.33,91991.45
1676971800000,25.34,25.48,25.33,25.4,67851.51
1676972700000,25.4,25.42,25.26,25.34,68273.08
1676973600000,25.34,25.4,25.22,25.25,61044.6
1676974500000,25.25,25.31,25.22,25.28,40269.64
1676975400000,25.29,25.31,24.91,24.99,171941.64
1676976300000,25,25.22,25,25.2,78136.87
1676977200000,25.2,25.26,25.1,25.12,57529.91
1676978100000,25.11,25.26,25.07,25.21,32625.83
1676979000000,25.21,25.24,25.01,25.05,57204.25
1676979900000,25.06,25.13,24.91,25.06,124733.89
1676980800000,25.06,25.25,25.01,25.21,110638.3
1676981700000,25.21,25.25,25.1,25.24,35353.16
1676982600000,25.23,25.33,25.22,25.22,67417.92
1676983500000,25.22,25.28,25.16,25.22,37868.66
1676984400000,25.21,25.35,25.19,25.31,39671
1676985300000,25.31,25.35,25.17,25.23,33346.27
1676986200000,25.23,25.32,25.11,25.13,35842.03
1676987100000,25.12,25.18,24.75,24.94,144594.7
1676988000000,24.94,25.2,24.87,25.15,78579.38
1676988900000,25.16,25.25,25.14,25.21,61466.32
1676989800000,25.21,25.38,25.12,25.3,90864.83
1676990700000,25.3,25.35,25.15,25.2,97880.65
1676991600000,25.19,25.3,24.89,24.93,93262.33
1676992500000,24.93,25.09,24.82,25.01,172982.55
1676993400000,25.01,25.18,24.97,25.11,67529.45
1676994300000,25.11,25.15,25.02,25.06,28423.46
1676995200000,25.06,25.09,24.84,24.96,51279.27
1676996100000,24.97,24.99,24.8,24.87,69551.54
1676997000000,24.88,24.92,24.69,24.86,120942.56
1676997900000,24.85,24.94,24.79,24.8,107214
1676998800000,24.8,24.94,24.8,24.86,48175.31
1676999700000,24.86,25.27,24.84,25.15,119256.13
1677000600000,25.14,25.3,25.12,25.25,80074.56
1677001500000,25.25,25.43,25.23,25.42,76944.79
1677002400000,25.43,25.5,25.31,25.39,93591.28
1677003300000,25.38,25.42,25.33,25.39,32446.63
1677004200000,25.38,25.42,25.26,25.33,31959.22
1677005100000,25.33,25.47,25.3,25.4,36563.54
1677006000000,25.4,25.41,25.25,25.26,39172.18
1677006900000,25.26,25.3,25.11,25.19,38519.8
1677007800000,25.18,25.29,25.05,25.16,66317.84
1677008700000,25.17,25.26,25.12,25.25,47481.19
1677009600000,25.26,25.36,25.2,25.28,28843.8
1677010500000,25.27,25.47,25.26,25.35,59787.68
1677011400000,25.35,25.42,25.19,25.26,32957.7
1677012300000,25.26,25.3,25.2,25.2,38173.66
1677013200000,25.21,25.25,25.08,25.13,57017.7
1677014100000,25.12,25.13,24.5,24.66,243636.91
1677015000000,24.66,24.98,24.63,24.94,77444.84
1677015900000,24.95,24.95,24.76,24.78,49989.95
1677016800000,24.78,24.96,24.7,24.88,65895.37
1677017700000,24.87,24.95,24.86,24.93,20290.69
1677018600000,24.94,24.98,24.89,24.9,21410.11
1677019500000,24.91,24.95,24.81,24.85,16777.48
1677020400000,24.85,24.88,24.73,24.79,57283.2
1677021300000,24.78,24.81,24.72,24.75,24894.08
1677022200000,24.75,24.9,24.73,24.85,35404.78
1677023100000,24.85,25,24.81,24.98,37164.34
1677024000000,24.98,25.17,24.93,25.09,60324.31
1677024900000,25.09,25.15,24.96,25,32003.44
1677025800000,25.01,25.03,24.77,24.8,43954.42
1677026700000,24.8,24.92,24.68,24.9,80302.65
1677027600000,24.89,25.09,24.88,25.02,60423
1677028500000,25.02,25.24,24.99,25.02,78765.07
1677029400000,25.02,25.05,24.76,24.79,59857.49
1677030300000,24.8,24.9,24.57,24.66,183230.75
1677031200000,24.65,24.68,24.22,24.34,279164.02
1677032100000,24.34,24.43,24.02,24.08,157140.07
1677033000000,24.08,24.36,23.86,24.36,249493.45
1677033900000,24.36,24.44,24.3,24.4,71726.12
1677034800000,24.4,24.55,24.35,24.49,46586.35
1677035700000,24.49,24.51,24.41,24.46,26508.03
1677036600000,24.46,24.48,24.35,24.38,28011.09
1677037500000,24.38,24.52,24.38,24.44,33700.35
1677038400000,24.45,24.48,24.31,24.38,46315.25
1677039300000,24.38,24.42,24.25,24.26,41308.83
1677040200000,24.26,24.29,24.07,24.18,99737.69
1677041100000,24.18,24.26,24.1,24.21,46795.93
1677042000000,24.21,24.21,24.07,24.07,21376.35
1677042900000,24.07,24.14,24,24.01,50401.7
1677043800000,24.01,24.05,23.95,23.97,77898.81
1677044700000,23.98,24.05,23.95,24.03,47990.25
1677045600000,24.02,24.11,24,24.03,28390.7
1677046500000,24.03,24.05,23.82,23.9,96988.51
1677047400000,23.9,23.99,23.76,23.82,188664.38
1677048300000,23.82,23.94,23.45,23.54,190324.19
1677049200000,23.54,23.63,23.44,23.56,116042.14
1677050100000,23.56,23.77,23.53,23.66,64888.42
1677051000000,23.66,23.78,23.63,23.77,52623.19
1677051900000,23.77,23.86,23.75,23.82,55442.57
1677052800000,23.82,23.83,23.61,23.63,76276.13
1677053700000,23.63,23.67,23.5,23.59,64823.34
1677054600000,23.6,23.6,23.31,23.35,151548.9
1677055500000,23.35,23.49,23.34,23.37,46101
1677056400000,23.37,23.63,23.31,23.51,148015.6
1677057300000,23.51,23.6,23.43,23.57,95469.85
1677058200000,23.57,23.6,23.43,23.57,61050.98
1677059100000,23.57,23.72,23.54,23.62,113752.39
1677060000000,23.62,23.66,23.55,23.56,59508.61
1677060900000,23.56,23.68,23.54,23.6,32009.23
1677061800000,23.6,23.77,23.56,23.75,40837.9
1677062700000,23.75,23.77,23.59,23.66,70254.64
1677063600000,23.66,23.72,23.6,23.62,31431.34
1677064500000,23.62,23.7,23.55,23.56,39126.95
1677065400000,23.56,23.61,23.21,23.42,246803.53
1677066300000,23.42,23.64,23.33,23.56,80714.61
1677067200000,23.56,23.65,23.49,23.64,42994.29
1677068100000,23.65,23.8,23.6,23.77,66595.32
1677069000000,23.76,23.79,23.59,23.64,103716.66
1677069900000,23.64,23.69,23.48,23.59,71964.41
1677070800000,23.59,23.64,23.43,23.49,49547.85
1677071700000,23.49,23.63,23.41,23.58,58650.43
1677072600000,23.58,23.65,23.48,23.62,47479.03
1677073500000,23.62,23.7,23.6,23.65,34037.02
1677074400000,23.65,23.65,23.4,23.46,47385.14
1677075300000,23.46,23.52,23.36,23.46,61763.73
1677076200000,23.47,23.67,23.47,23.64,132259.79
1677077100000,23.64,23.72,23.47,23.54,103749.03
1677078000000,23.55,23.65,23.38,23.46,165135.7
1677078900000,23.46,23.7,23.25,23.58,165171.31
1677079800000,23.58,23.62,23.4,23.57,71741.57
1677080700000,23.57,23.7,23.54,23.65,61411.2
1677081600000,23.66,23.73,23.45,23.47,90380.4
1677082500000,23.47,23.6,23.42,23.53,49658.9
1677083400000,23.53,23.59,23.45,23.53,67354.5
1677084300000,23.53,23.59,23.4,23.58,54314.53
1677085200000,23.57,23.68,23.52,23.6,45072.37
1677086100000,23.61,23.7,23.56,23.56,39402.52
1677087000000,23.55,23.72,23.55,23.69,40674.1
1677087900000,23.7,23.75,23.65,23.73,23259.17
1677088800000,23.72,23.88,23.7,23.82,89696.84
1677089700000,23.82,23.9,23.76,23.89,58262.95
1677090600000,23.89,23.94,23.84,23.89,73655.19
1677091500000,23.9,23.91,23.78,23.8,70607.03
1677092400000,23.79,24.15,23.68,23.97,245474.31
1677093300000,23.96,24.04,23.83,23.96,116898.85
1677094200000,23.95,23.95,23.72,23.78,98288.41
1677095100000,23.78,23.97,23.71,23.78,67779.35
1677096000000,23.78,23.82,23.69,23.73,37163.2
1677096900000,23.72,23.81,23.61,23.61,38927.88
1677097800000,23.61,23.62,23.46,23.56,83823.03
1677098700000,23.55,23.67,23.53,23.67,31027.54
1677099600000,23.67,23.71,23.61,23.62,26350.84
1677100500000,23.63,23.69,23.61,23.68,10240.71
1677101400000,23.69,23.69,23.54,23.58,15787.32
1677102300000,23.59,23.76,23.55,23.71,26657.63
1677103200000,23.7,23.75,23.64,23.73,17587.81
1677104100000,23.74,23.9,23.73,23.89,29032.4
1677105000000,23.89,24.06,23.85,23.99,47670.08
1677105900000,24,24.12,23.99,24.11,22419.05
1677106800000,24.11,24.26,24.11,24.24,52660.02
1677107700000,24.25,24.35,24.14,24.24,71295.77
1677108600000,24.25,24.25,24.1,24.12,44065.35
1677109500000,24.12,24.24,24.08,24.16,31110.61
1677110400000,24.16,24.23,24.07,24.21,32972.65
1677111300000,24.2,24.24,24.11,24.12,39733.33
1677112200000,24.13,24.14,24.02,24.09,56487.4
1677113100000,24.09,24.15,23.99,24.02,22243.59
1677114000000,24.02,24.04,23.95,23.98,20408.88
1677114900000,23.98,24.07,23.97,24.04,14793.41
1677115800000,24.04,24.23,24.03,24.13,99381.27
1677116700000,24.13,24.18,24.07,24.16,43342.26
1677117600000,24.16,24.39,24.16,24.27,99578.17
1677118500000,24.27,24.35,24.21,24.33,64599.11
1677119400000,24.34,24.62,24.31,24.62,148044.62
1677120300000,24.61,24.64,24.52,24.61,78432.28
1677121200000,24.61,24.66,24.5,24.55,27013.12
1677122100000,24.55,24.69,24.54,24.59,53561.06
1677123000000,24.58,24.6,24.51,24.52,26371.4
1677123900000,24.53,24.54,24.4,24.44,34567.06
1677124800000,24.45,24.54,24.37,24.41,63374.06
1677125700000,24.41,24.51,24.38,24.48,22160.08
1677126600000,24.48,24.53,24.46,24.5,20219.59
1677127500000,24.51,24.58,24.49,24.58,33728.75
1677128400000,24.58,24.58,24.43,24.48,70618.15
1677129300000,24.48,24.54,24.4,24.42,59049.28
1677130200000,24.42,24.45,24.36,24.38,26759.62
1677131100000,24.38,24.42,24.34,24.37,21074.4
1677132000000,24.37,24.41,24.35,24.41,15051.32
1677132900000,24.42,24.42,24.33,24.33,19175.88
1677133800000,24.33,24.34,24.23,24.3,34428.05
1677134700000,24.31,24.36,24.27,24.35,14476.43
1677135600000,24.35,24.49,24.35,24.46,47856.24
1677136500000,24.46,24.53,24.45,24.51,26974.57
1677137400000,24.51,24.52,24.43,24.45,38317.81
1677138300000,24.45,24.56,24.44,24.5,30659.64
1677139200000,24.5,24.6,24.45,24.57,36425.14
1677140100000,24.58,24.63,24.51,24.57,43856
1677141000000,24.56,24.63,24.5,24.53,19045.11
1677141900000,24.53,24.56,24.46,24.47,27778.61
1677142800000,24.47,24.59,24.46,24.58,19226.21
1677143700000,24.58,24.6,24.42,24.43,32971.19
1677144600000,24.43,24.48,24.36,24.41,35508.08
1677145500000,24.41,24.41,24.3,24.31,39853.91
1677146400000,24.31,24.36,24.27,24.34,36256.98
1677147300000,24.34,24.42,24.31,24.41,15720.8
1677148200000,24.41,24.42,24.27,24.31,23632.08
1677149100000,24.3,24.42,24.3,24.39,37934.89
1677150000000,24.39,24.46,24.36,24.37,27544.64
1677150900000,24.37,24.4,23.82,23.85,215428.18
1677151800000,23.85,23.98,23.6,23.78,296470.91
1677152700000,23.78,23.81,23.67,23.76,54493.17
1677153600000,23.75,23.8,23.61,23.79,103055.37
1677154500000,23.79,24.08,23.79,24.04,96584.23
1677155400000,24.04,24.09,23.88,23.94,52346.22
1677156300000,23.95,24.09,23.9,24.03,70064.38
1677157200000,24.03,24.28,24.02,24.25,66709.02
1677158100000,24.25,24.38,24.2,24.3,108570.97
1677159000000,24.29,24.39,24.15,24.27,100770.24
1677159900000,24.26,24.28,24.01,24.16,63836.72
1677160800000,24.16,24.28,24.11,24.2,60439.37
1677161700000,24.2,24.29,24.18,24.19,22899
1677162600000,24.19,24.27,24.03,24.05,47738.61
1677163500000,24.05,24.21,24.04,24.07,43300.97
1677164400000,24.07,24.09,23.83,23.97,84456.32
1677165300000,23.97,24.03,23.87,23.99,49532.97
1677166200000,23.99,24.03,23.85,23.92,40331.88
1677167100000,23.91,23.94,23.78,23.88,43460.45
1677168000000,23.87,23.93,23.77,23.83,43467.68
1677168900000,23.83,23.88,23.74,23.87,36102.69
1677169800000,23.86,23.93,23.78,23.82,38815.22
1677170700000,23.82,23.87,23.75,23.76,29744.86
1677171600000,23.76,23.89,23.75,23.86,26924.48
1677172500000,23.86,23.93,23.82,23.83,22833.07
1677173400000,23.83,23.97,23.78,23.96,31413.69
1677174300000,23.95,23.99,23.77,23.81,42321.17
1677175200000,23.81,23.87,23.61,23.73,78817.67
1677176100000,23.74,23.82,23.67,23.79,21457.63
1677177000000,23.79,23.83,23.68,23.8,36963.91
1677177900000,23.79,23.87,23.76,23.79,37533.64
1677178800000,23.8,23.89,23.73,23.88,18536.15
1677179700000,23.89,24,23.89,23.98,42126.06
1677180600000,23.97,24.08,23.97,24.01,42191.34
1677181500000,24.02,24.06,23.98,24.04,28195.63
1677182400000,24.03,24.21,24.03,24.18,37602.43
1677183300000,24.17,24.21,24.1,24.14,23207.88
1677184200000,24.15,24.16,24.03,24.05,18956.64
1677185100000,24.05,24.05,23.92,23.95,30521.45
1677186000000,23.94,23.95,23.88,23.91,15884.35
1677186900000,23.92,24,23.88,23.91,26007.59
1677187800000,23.91,23.94,23.86,23.89,8986.41
1677188700000,23.88,23.9,23.75,23.75,21530.18
1677189600000,23.75,23.79,23.68,23.71,54310.67
1677190500000,23.71,23.83,23.68,23.81,18885.69
1677191400000,23.82,23.83,23.72,23.78,25163.35
1677192300000,23.79,23.85,23.76,23.83,12705.38
1677193200000,23.83,23.89,23.81,23.84,44311.6
1677194100000,23.84,23.85,23.77,23.85,18591.16
1677195000000,23.86,23.87,23.8,23.82,11973.32
1677195900000,23.83,23.94,23.81,23.91,23187
1677196800000,23.91,24.02,23.83,23.94,44802.19
1677197700000,23.94,24.04,23.86,23.88,25566.68
1677198600000,23.89,23.9,23.69,23.73,43712.54
1677199500000,23.72,23.88,23.72,23.85,21043.82
1677200400000,23.86,24.08,23.84,24.07,64011.59
1677201300000,24.06,24.13,23.95,23.95,46921.86
1677202200000,23.96,24,23.9,23.99,17967.17
1677203100000,23.99,24,23.86,23.87,19793.42
1677204000000,23.87,23.91,23.85,23.88,16675.45
1677204900000,23.88,23.9,23.82,23.89,25497.74
1677205800000,23.88,23.92,23.84,23.84,14196.63
1677206700000,23.84,23.84,23.7,23.76,60219.65
1677207600000,23.75,23.82,23.69,23.81,26635.28
1677208500000,23.8,23.84,23.75,23.81,14551.15
1677209400000,23.81,23.85,23.76,23.77,16175.01
1677210300000,23.76,23.84,23.75,23.78,14791.83
1677211200000,23.79,23.87,23.78,23.85,45904
1677212100000,23.85,23.88,23.77,23.8,39825.49
1677213000000,23.81,23.9,23.76,23.9,18226.94
1677213900000,23.89,23.93,23.82,23.82,25182.56
1677214800000,23.82,23.84,23.74,23.76,47635.5
1677215700000,23.77,23.84,23.75,23.82,27790.66
1677216600000,23.82,23.84,23.76,23.83,21048.4
1677217500000,23.82,23.86,23.79,23.8,14973.17
1677218400000,23.81,23.85,23.76,23.81,26632.31
1677219300000,23.81,23.91,23.81,23.89,18532.5
1677220200000,23.89,23.93,23.87,23.88,19456.71
1677221100000,23.88,24.04,23.87,24.02,34316.91
1677222000000,24.02,24.1,23.99,24.07,41772.41
1677222900000,24.06,24.08,23.92,23.97,25347.55
1677223800000,23.98,24.05,23.95,24.03,19012.37
1677224700000,24.04,24.05,23.95,23.96,18028.84
1677225600000,23.96,24.01,23.9,23.91,23067.57
1677226500000,23.91,24,23.87,23.99,24352.03
1677227400000,24,24.07,23.96,23.97,33658.01
1677228300000,23.98,24.03,23.94,24.02,16884.49
1677229200000,24.02,24.05,23.96,23.96,84292.3
1677230100000,23.97,23.98,23.92,23.94,17436.28
1677231000000,23.93,23.94,23.85,23.87,26475.62
1677231900000,23.87,23.92,23.84,23.86,14335.03
1677232800000,23.86,23.87,23.76,23.78,65133.4
1677233700000,23.77,23.81,23.52,23.67,142223.75
1677234600000,23.68,23.78,23.66,23.76,49607.27
1677235500000,23.76,23.86,23.76,23.83,24713.8
1677236400000,23.83,23.87,23.78,23.8,23008.97
1677237300000,23.8,23.85,23.73,23.76,25434.29
1677238200000,23.75,23.81,23.73,23.78,23246.47
1677239100000,23.78,23.84,23.77,23.78,15854.39
1677240000000,23.79,23.99,23.77,23.93,39938.47
1677240900000,23.93,24.01,23.85,23.86,50912.76
1677241800000,23.86,23.9,23.83,23.87,22844.2
1677242700000,23.87,23.87,23.75,23.8,20225.51
1677243600000,23.81,23.82,23.65,23.7,48221.47
1677244500000,23.7,23.84,23.69,23.75,30548.66
1677245400000,23.74,23.79,23.52,23.61,175983.51
1677246300000,23.61,23.7,23.53,23.53,71174.95
1677247200000,23.53,23.59,23.42,23.52,92770.94
1677248100000,23.52,23.61,23.49,23.6,43385.76
1677249000000,23.6,23.77,23.58,23.58,71238.62
1677249900000,23.58,23.69,23.53,23.64,37174.17
1677250800000,23.63,23.68,23.44,23.48,63974.02
1677251700000,23.48,23.5,23.33,23.49,124287.89
1677252600000,23.49,23.5,22.92,23.03,226342.52
1677253500000,23.03,23.16,23,23.05,89590.63
1677254400000,23.04,23.05,22.52,22.76,375928.1
1677255300000,22.75,22.87,22.51,22.67,244409.11
1677256200000,22.67,22.88,22.57,22.87,101575.38
1677257100000,22.87,22.9,22.74,22.8,79905.77
1677258000000,22.81,22.83,22.72,22.76,54536.17
1677258900000,22.76,22.97,22.73,22.81,66015.89
1677259800000,22.81,22.87,22.73,22.84,39387.38
1677260700000,22.83,22.89,22.74,22.87,56496.43
1677261600000,22.86,22.93,22.74,22.76,36198.83
1677262500000,22.76,22.94,22.71,22.87,67408.82
1677263400000,22.86,22.96,22.8,22.9,51773.4
1677264300000,22.91,23,22.88,22.96,31276.39
1677265200000,22.96,23,22.85,22.88,48504.55
1677266100000,22.89,22.92,22.86,22.88,34479.25
1677267000000,22.87,22.95,22.63,22.84,82478.26
1677267900000,22.84,23.06,22.8,23.04,80499.36
1677268800000,23.05,23.32,23.02,23.23,110581.95
1677269700000,23.22,23.35,23.18,23.29,42691.41
1677270600000,23.28,23.29,23.11,23.14,61943.08
1677271500000,23.13,23.21,23.09,23.16,26220.49
1677272400000,23.16,23.17,23.09,23.1,10435.09
1677273300000,23.1,23.1,22.97,23.01,24320.42
1677274200000,23,23.02,22.88,22.88,18846.65
1677275100000,22.88,22.9,22.74,22.79,54075.45
1677276000000,22.79,22.89,22.77,22.89,40858.35
1677276900000,22.9,22.95,22.8,22.81,23344.04
1677277800000,22.82,22.84,22.46,22.7,130691.73
1677278700000,22.69,22.81,22.68,22.81,16833.85
1677279600000,22.81,22.94,22.74,22.93,44870.28
1677280500000,22.94,23.02,22.89,23.01,26432.66
1677281400000,23.01,23.09,22.99,23.02,32289.84
1677282300000,23.01,23.1,22.99,23.07,18993.85
1677283200000,23.07,23.15,23.05,23.13,35196.36
1677284100000,23.14,23.16,23.05,23.16,22588.88
1677285000000,23.16,23.16,23.06,23.06,35374.84
1677285900000,23.06,23.17,23.06,23.14,14090.24
1677286800000,23.14,23.19,23.08,23.19,8113.55
1677287700000,23.19,23.21,23.14,23.18,21486.06
1677288600000,23.19,23.29,23.19,23.25,46982.04
1677289500000,23.26,23.33,23.2,23.23,68292.11
1677290400000,23.23,23.31,23.18,23.18,58131.81
1677291300000,23.18,23.19,23,23.06,51969.34
1677292200000,23.07,23.13,22.99,23.01,51532.83
1677293100000,23.01,23.08,22.93,23,55163.97
1677294000000,23.01,23.02,22.93,22.98,32601.65
1677294900000,22.97,23.07,22.97,23.02,11626.42
1677295800000,23.02,23.04,22.94,23,13211.68
1677296700000,23,23.02,22.95,22.95,11131.21
1677297600000,22.95,23.01,22.88,22.99,17257.98
1677298500000,22.99,23.04,22.93,22.99,14693.81
1677299400000,22.99,23.02,22.98,22.98,8418.83
1677300300000,22.99,23.05,22.98,23.02,14329.06
1677301200000,23.02,23.04,22.98,23,6175.67
1677302100000,23.01,23.01,22.9,22.94,38006.86
1677303000000,22.95,22.96,22.83,22.88,64540.83
1677303900000,22.88,22.96,22.88,22.91,24350.19
1677304800000,22.92,23.03,22.92,22.98,13571.19
1677305700000,22.99,23.02,22.96,23.02,8941.63
1677306600000,23.02,23.17,23.02,23.12,33291.71
1677307500000,23.13,23.16,23.1,23.15,13338.18
1677308400000,23.15,23.19,23.1,23.12,26841.69
1677309300000,23.13,23.16,23.03,23.08,50248.22
1677310200000,23.08,23.08,22.94,22.95,106573.77
1677311100000,22.96,22.97,22.83,22.94,88937.23
1677312000000,22.94,23.05,22.9,22.96,27972.51
1677312900000,22.96,22.97,22.85,22.97,27864.35
1677313800000,22.97,22.97,22.87,22.91,13900.55
1677314700000,22.91,22.94,22.84,22.87,13759.07
1677315600000,22.87,22.89,22.79,22.84,42023.62
1677316500000,22.84,22.86,22.79,22.8,46313.92
1677317400000,22.8,22.85,22.79,22.84,10774.47
1677318300000,22.84,22.85,22.75,22.82,39721.43
1677319200000,22.82,22.87,22.78,22.81,11298.44
1677320100000,22.81,22.85,22.71,22.74,39340.02
1677321000000,22.74,22.75,22.63,22.7,67433.07
1677321900000,22.7,22.75,22.61,22.66,99546.72
1677322800000,22.66,22.79,22.65,22.76,50542.64
1677323700000,22.76,22.8,22.69,22.8,23257.02
1677324600000,22.8,22.83,22.74,22.79,36714.32
1677325500000,22.79,22.82,22.74,22.77,31410.61
1677326400000,22.77,22.8,22.74,22.74,8181.17
1677327300000,22.75,22.75,22.54,22.6,59449.07
1677328200000,22.6,22.62,22.28,22.34,164889.52
1677329100000,22.34,22.51,22.02,22.47,323023.6
1677330000000,22.47,22.63,22.45,22.52,83046.82
1677330900000,22.52,22.64,22.5,22.62,33665.74
1677331800000,22.62,22.67,22.59,22.62,28023.68
1677332700000,22.61,22.63,22.55,22.55,26854.9
1677333600000,22.56,22.59,22.45,22.48,38953.94
1677334500000,22.49,22.58,22.45,22.58,38793.69
1677335400000,22.58,22.62,22.44,22.47,17343.52
1677336300000,22.47,22.56,22.45,22.49,19096.48
1677337200000,22.48,22.55,22.46,22.48,22454.59
1677338100000,22.48,22.52,22.42,22.51,24233.4
1677339000000,22.52,22.54,22.36,22.37,21197.17
1677339900000,22.36,22.38,22.22,22.34,53230.1
1677340800000,22.34,22.49,22.26,22.48,25991.97
1677341700000,22.48,22.52,22.32,22.35,30890.21
1677342600000,22.35,22.46,22.32,22.44,16242.35
1677343500000,22.44,22.44,22.22,22.27,25968.97
1677344400000,22.26,22.37,22.23,22.36,14351.54
1677345300000,22.35,22.38,22.27,22.34,11078.53
1677346200000,22.33,22.35,22.25,22.34,18063.03
1677347100000,22.34,22.34,22.25,22.31,20103.74
1677348000000,22.3,22.32,22.13,22.22,34704.8
1677348900000,22.22,22.24,22.09,22.2,39037.18
1677349800000,22.2,22.21,21.95,22.13,137575.42
1677350700000,22.13,22.14,21.85,21.93,113563.18
1677351600000,21.93,22.11,21.85,22.03,91207.08
1677352500000,22.03,22.07,21.65,21.75,129758.42
1677353400000,21.75,21.93,21.71,21.87,89135.96
1677354300000,21.86,21.94,21.74,21.92,85876.24
1677355200000,21.91,21.94,21.75,21.75,58096.06
1677356100000,21.76,21.8,21.55,21.56,129417.23
1677357000000,21.56,21.67,21.54,21.58,127368.36
1677357900000,21.59,21.78,21.41,21.68,185381.63
1677358800000,21.68,21.76,21.57,21.58,40920.26
1677359700000,21.58,21.71,21.48,21.69,62198.64
1677360600000,21.7,21.77,21.67,21.68,41493.4
1677361500000,21.69,21.79,21.62,21.77,35672.09
1677362400000,21.76,21.85,21.71,21.85,31785.99
1677363300000,21.84,22.08,21.82,22.06,47736.41
1677364200000,22.06,22.23,22.03,22.16,63764.27
1677365100000,22.15,22.29,22.12,22.21,32763.15
1677366000000,22.21,22.3,22.16,22.24,48048.28
1677366900000,22.24,22.5,22.23,22.48,92936.39
1677367800000,22.48,22.48,22.32,22.35,31829.82
1677368700000,22.35,22.43,22.32,22.37,16969.46
1677369600000,22.37,22.38,22.21,22.22,33422.64
1677370500000,22.23,22.3,22.22,22.29,22931.49
1677371400000,22.3,22.35,22.23,22.26,24563.47
1677372300000,22.27,22.33,22.24,22.31,26959.81
1677373200000,22.3,22.38,22.26,22.36,11447.35
1677374100000,22.36,22.38,22.31,22.35,14167.92
1677375000000,22.34,22.35,22.27,22.35,16924.78
1677375900000,22.35,22.45,22.35,22.38,14969.57
1677376800000,22.38,22.41,22.33,22.35,21389.87
1677377700000,22.35,22.57,22.3,22.45,38609
1677378600000,22.45,22.59,22.43,22.58,26514.8
1677379500000,22.57,22.68,22.55,22.66,40459.9
1677380400000,22.66,22.68,22.6,22.63,25364.47
1677381300000,22.64,22.68,22.6,22.65,16164.15
1677382200000,22.65,22.74,22.64,22.71,21786.76
1677383100000,22.71,22.72,22.62,22.65,16821.79
1677384000000,22.66,22.68,22.58,22.58,30525.57
1677384900000,22.58,22.63,22.56,22.57,17634.08
1677385800000,22.56,22.58,22.5,22.51,18781.26
1677386700000,22.51,22.55,22.49,22.51,7768.07
1677387600000,22.52,22.59,22.5,22.55,7199.52
1677388500000,22.55,22.59,22.53,22.58,8251.09
1677389400000,22.58,22.64,22.56,22.64,5763.02
1677390300000,22.63,22.65,22.57,22.58,11593.77
1677391200000,22.58,22.61,22.52,22.53,13290.51
1677392100000,22.53,22.59,22.51,22.55,8384.23
1677393000000,22.55,22.62,22.55,22.62,3088.86
1677393900000,22.62,22.7,22.61,22.7,15722.37
1677394800000,22.7,22.71,22.62,22.65,15883.42
1677395700000,22.65,22.74,22.64,22.71,37298.33
1677396600000,22.72,22.8,22.7,22.77,13595.75
1677397500000,22.77,22.84,22.72,22.79,67463.65
1677398400000,22.79,22.8,22.71,22.75,20340.28
1677399300000,22.74,22.74,22.63,22.67,27993.6
1677400200000,22.67,22.75,22.64,22.74,16215.27
1677401100000,22.74,22.76,22.72,22.76,9372.24
1677402000000,22.76,22.85,22.76,22.84,18558.68
1677402900000,22.84,22.87,22.77,22.87,20932.81
1677403800000,22.87,22.89,22.8,22.89,31513.47
1677404700000,22.89,22.97,22.88,22.96,75662.31
1677405600000,22.96,22.99,22.84,22.87,52535.99
1677406500000,22.88,22.91,22.82,22.9,17247.26
1677407400000,22.9,22.91,22.8,22.85,49206.53
1677408300000,22.85,22.87,22.8,22.84,9624.66
1677409200000,22.84,22.85,22.76,22.78,21869.78
1677410100000,22.77,22.82,22.74,22.79,26650.65
1677411000000,22.78,22.85,22.75,22.8,17061.22
1677411900000,22.8,22.91,22.79,22.85,17739
1677412800000,22.85,22.89,22.72,22.76,24380.83
1677413700000,22.76,22.8,22.73,22.78,13972.68
1677414600000,22.78,22.79,22.64,22.65,24559.24
1677415500000,22.64,22.67,22.55,22.63,47757.38
1677416400000,22.63,22.7,22.58,22.63,26421.58
1677417300000,22.62,22.71,22.62,22.7,37233.38
1677418200000,22.7,22.76,22.68,22.73,14897
1677419100000,22.73,22.8,22.72,22.8,18470.06
1677420000000,22.8,22.88,22.77,22.88,24939.53
1677420900000,22.87,22.91,22.8,22.81,24824.05
1677421800000,22.81,22.84,22.77,22.82,22871.15
1677422700000,22.83,22.97,22.81,22.83,40960.06
1677423600000,22.83,22.93,22.83,22.89,55691.35
1677424500000,22.89,22.91,22.85,22.87,11873.9
1677425400000,22.87,22.95,22.84,22.91,22881.8
1677426300000,22.92,22.96,22.88,22.93,18060.44
1677427200000,22.94,22.97,22.87,22.96,19054.49
1677428100000,22.97,22.99,22.86,22.86,36629.9
1677429000000,22.86,22.9,22.82,22.85,15440.92
1677429900000,22.85,22.88,22.76,22.8,43950.89
1677430800000,22.8,22.82,22.72,22.77,24735.01
1677431700000,22.77,22.81,22.68,22.73,22835.97
1677432600000,22.73,22.77,22.7,22.76,9305.35
1677433500000,22.77,22.9,22.75,22.89,18871.68
1677434400000,22.9,22.95,22.84,22.91,24476.71
1677435300000,22.92,22.95,22.86,22.87,18508.7
1677436200000,22.87,23.2,22.86,23.19,156882.4
1677437100000,23.19,23.33,23.18,23.25,112619.2
1677438000000,23.25,23.27,23.09,23.21,43903.81
1677438900000,23.21,23.29,23.17,23.26,24871.52
1677439800000,23.27,23.33,23.25,23.3,28399.4
1677440700000,23.3,23.4,23.29,23.37,38693.32
1677441600000,23.37,23.45,23.32,23.37,63836.71
1677442500000,23.36,23.41,23.31,23.4,35805.73
1677443400000,23.41,23.53,23.36,23.5,67544.18
1677444300000,23.5,23.51,23.38,23.41,40707.73
1677445200000,23.41,23.44,23.34,23.41,49976.62
1677446100000,23.4,23.45,23.31,23.33,25865.91
1677447000000,23.33,23.35,23.26,23.29,26923.55
1677447900000,23.28,23.32,23.25,23.26,14783.01
1677448800000,23.27,23.29,23.2,23.22,26214.12
1677449700000,23.22,23.22,22.95,22.97,112853.56
1677450600000,22.98,23.11,22.94,23.09,29462.87
1677451500000,23.09,23.11,23,23.06,19581.67
1677452400000,23.06,23.22,23.06,23.19,73474.36
1677453300000,23.18,23.26,23.16,23.24,29539.63
1677454200000,23.24,23.32,23.21,23.22,28613.51
1677455100000,23.23,23.29,23.2,23.25,16453.17
1677456000000,23.25,23.28,23.11,23.14,43529.26
1677456900000,23.13,23.18,23.03,23.04,35380.94
1677457800000,23.05,23.15,23.05,23.1,53787.79
1677458700000,23.11,23.15,23.07,23.12,12075.19
1677459600000,23.12,23.13,22.98,23.04,28492.79
1677460500000,23.04,23.09,23.01,23.04,17679.73
1677461400000,23.04,23.05,23.02,23.05,12058.28
1677462300000,23.05,23.11,23.02,23.08,22555.19
1677463200000,23.08,23.21,23.08,23.14,36890.3
1677464100000,23.14,23.18,23.11,23.13,10109.54
1677465000000,23.13,23.16,23.03,23.03,21098.09
1677465900000,23.03,23.06,23,23.03,7974.76
1677466800000,23.04,23.09,22.99,23.08,36253.63
1677467700000,23.09,23.15,23.08,23.09,35133.08
1677468600000,23.09,23.11,23.01,23.01,15723.4
1677469500000,23,23.07,22.99,23.03,13833.42
1677470400000,23.04,23.05,22.97,22.97,21425.26
1677471300000,22.97,23,22.96,22.97,33823.77
1677472200000,22.97,22.99,22.91,22.93,22239.12
1677473100000,22.92,23,22.9,22.99,46961.52
1677474000000,22.99,23.02,22.92,22.92,23425.75
1677474900000,22.92,23.01,22.92,23.01,17069
1677475800000,23.01,23.04,22.97,22.97,19179.33
1677476700000,22.98,23.01,22.76,22.82,108521.15
1677477600000,22.81,22.86,22.77,22.86,17515.61
1677478500000,22.86,22.91,22.84,22.88,10707.11
1677479400000,22.88,22.89,22.79,22.84,32506.66
1677480300000,22.85,22.91,22.84,22.85,12882.92
1677481200000,22.86,22.97,22.84,22.93,22837.41
1677482100000,22.94,22.95,22.87,22.94,22167.67
1677483000000,22.95,23.02,22.88,22.91,53668.08
1677483900000,22.91,22.96,22.88,22.89,10649.11
1677484800000,22.89,22.97,22.82,22.85,44259.81
1677485700000,22.84,22.89,22.73,22.75,29322.88
1677486600000,22.75,22.86,22.72,22.85,48018.12
1677487500000,22.84,22.87,22.7,22.7,35670.62
1677488400000,22.69,22.78,22.62,22.68,47646.77
1677489300000,22.68,22.79,22.62,22.79,41615.79
1677490200000,22.79,22.85,22.78,22.81,21459.17
1677491100000,22.81,22.82,22.76,22.79,8150.48
1677492000000,22.78,22.86,22.74,22.84,14049.89
1677492900000,22.84,22.84,22.72,22.75,14183.55
1677493800000,22.75,22.76,22.64,22.7,14448.42
1677494700000,22.7,22.77,22.68,22.7,23037.39
1677495600000,22.7,22.8,22.69,22.79,17518.23
1677496500000,22.8,22.85,22.74,22.8,38074.82
1677497400000,22.8,22.84,22.76,22.78,21451.46
1677498300000,22.77,22.84,22.73,22.77,10717.12
1677499200000,22.78,22.8,22.7,22.7,18151.39
1677500100000,22.7,22.77,22.65,22.67,21853.93
1677501000000,22.67,22.76,22.67,22.74,17468.41
1677501900000,22.74,22.78,22.67,22.72,8482.42
1677502800000,22.72,22.86,22.69,22.82,29970.49
1677503700000,22.83,23.08,22.83,23.07,83148.33
1677504600000,23.08,23.32,22.98,23.25,200861.39
1677505500000,23.24,23.33,23.14,23.2,88008.02
1677506400000,23.19,23.32,23.16,23.17,73890.01
1677507300000,23.18,23.32,23.16,23.27,67064.69
1677508200000,23.28,23.29,23.13,23.19,88096.22
1677509100000,23.18,23.27,23.13,23.23,71721.84
1677510000000,23.24,23.38,23.21,23.37,78296.67
1677510900000,23.38,23.41,23.3,23.32,44927.63
1677511800000,23.32,23.32,22.87,23.01,76886.89
1677512700000,23.01,23.13,22.93,23.06,56729.15
1677513600000,23.07,23.14,22.76,22.82,106469.72
1677514500000,22.82,22.93,22.74,22.86,53699.36
1677515400000,22.85,22.89,22.67,22.86,60163.12
1677516300000,22.86,22.91,22.84,22.88,29118.13
1677517200000,22.88,22.9,22.78,22.82,19868.65
1677518100000,22.82,22.83,22.65,22.76,32220.31
1677519000000,22.76,22.86,22.76,22.8,21076.88
1677519900000,22.8,22.86,22.69,22.73,32335.05
1677520800000,22.73,22.76,22.54,22.64,59792.27
1677521700000,22.65,22.65,22.33,22.42,120255.11
1677522600000,22.43,22.52,22.32,22.49,152125.59
1677523500000,22.49,22.57,22.43,22.57,87401.79
1677524400000,22.56,22.64,22.46,22.59,36022.27
1677525300000,22.59,22.63,22.5,22.62,21351.71
1677526200000,22.62,22.64,22.5,22.53,31486.23
1677527100000,22.53,22.57,22.47,22.54,23556.09
1677528000000,22.54,22.54,22.36,22.44,47703.12
1677528900000,22.44,22.5,22.39,22.49,42158.2
1677529800000,22.49,22.51,22.39,22.45,72554.04
1677530700000,22.45,22.58,22.45,22.56,36050.79
1677531600000,22.57,22.67,22.55,22.64,18713.59
1677532500000,22.64,22.68,22.62,22.66,17042.17
1677533400000,22.66,22.7,22.64,22.68,21960.54
1677534300000,22.69,22.72,22.65,22.71,21719.46
1677535200000,22.7,22.73,22.65,22.69,21045.83
1677536100000,22.69,22.71,22.62,22.63,9886.33
1677537000000,22.63,22.66,22.58,22.61,26645.29
1677537900000,22.6,22.79,22.6,22.7,33797.2
1677538800000,22.71,22.74,22.61,22.62,20616.59
1677539700000,22.62,22.73,22.62,22.68,23508.91
1677540600000,22.68,22.75,22.68,22.72,17935.98
1677541500000,22.73,22.74,22.64,22.68,19080.4
1677542400000,22.68,22.75,22.65,22.66,14058.3
1677543300000,22.67,22.75,22.63,22.64,9723.94
1677544200000,22.64,22.71,22.59,22.65,21406.6
1677545100000,22.64,22.66,22.58,22.63,11859.46
1677546000000,22.63,22.68,22.58,22.67,11498.43
1677546900000,22.67,22.68,22.58,22.58,6209.4
1677547800000,22.58,22.62,22.47,22.48,25591
1677548700000,22.48,22.56,22.43,22.54,31895.13
1677549600000,22.54,22.55,22.42,22.49,19857.34
1677550500000,22.5,22.54,22.48,22.51,16498.75
1677551400000,22.51,22.52,22.45,22.46,21625.47
1677552300000,22.45,22.51,22.43,22.51,14779.12
1677553200000,22.51,22.58,22.46,22.55,18904.11
1677554100000,22.56,22.63,22.54,22.62,12066.16
1677555000000,22.62,22.66,22.57,22.63,13476.73
1677555900000,22.63,22.63,22.55,22.61,16866.93
1677556800000,22.62,22.63,22.47,22.48,11402.97
1677557700000,22.47,22.51,22.42,22.44,28360.97
1677558600000,22.44,22.44,22.35,22.38,15807.58
1677559500000,22.38,22.43,22.35,22.41,18091.97
1677560400000,22.41,22.48,22.37,22.47,19704.5
1677561300000,22.47,22.47,22.4,22.44,8470.63
1677562200000,22.44,22.45,22.32,22.38,22333.71
1677563100000,22.38,22.4,22.24,22.27,39063.12
1677564000000,22.28,22.35,22.22,22.35,27669.37
1677564900000,22.35,22.36,22.29,22.29,15719.41
1677565800000,22.29,22.37,22.28,22.35,29667.19
1677566700000,22.35,22.37,22.31,22.33,9064.56
1677567600000,22.34,22.35,22.28,22.35,11124.02
1677568500000,22.34,22.37,22.29,22.29,7912.58
1677569400000,22.29,22.36,22.23,22.23,34782.95
1677570300000,22.23,22.23,22.06,22.08,87697.22
1677571200000,22.08,22.2,22.05,22.2,40687.66
1677572100000,22.2,22.22,22.12,22.21,10740.07
1677573000000,22.21,22.22,22.15,22.17,13620.34
1677573900000,22.17,22.23,22.11,22.17,14396.83
1677574800000,22.17,22.28,22.15,22.28,16128.86
1677575700000,22.28,22.29,22.21,22.24,8541.26
1677576600000,22.23,22.26,22.16,22.21,26551.26
1677577500000,22.21,22.24,22.16,22.19,11543.32
1677578400000,22.18,22.21,22.11,22.19,16149.17
1677579300000,22.19,22.23,22.15,22.2,14122.99
1677580200000,22.2,22.28,22.16,22.28,17428.5
1677581100000,22.28,22.32,22.25,22.25,16881.24
1677582000000,22.26,22.29,22.15,22.15,18265.48
1677582900000,22.16,22.2,22.13,22.15,12008.98
1677583800000,22.15,22.25,22.14,22.25,22612.61
1677584700000,22.25,22.27,22.19,22.2,12719.34
1677585600000,22.2,22.33,22.19,22.32,31426.83
1677586500000,22.31,22.39,22.3,22.38,21585.6
1677587400000,22.37,22.39,22.32,22.37,11318.41
1677588300000,22.37,22.47,22.33,22.45,21625.82
1677589200000,22.45,22.48,22.31,22.34,23575.19
1677590100000,22.33,22.37,22.28,22.33,19679.37
1677591000000,22.34,22.35,22.28,22.31,28748.94
1677591900000,22.31,22.41,22.3,22.39,20157.59
1677592800000,22.4,22.47,22.33,22.37,20600.37
1677593700000,22.36,22.4,22.3,22.3,19567.74
1677594600000,22.31,22.54,22.21,22.47,50785.63
1677595500000,22.47,22.58,22.37,22.4,53962.67
1677596400000,22.41,22.57,22.4,22.45,44895.45
1677597300000,22.45,22.58,22.44,22.5,32072.86
1677598200000,22.51,22.6,22.5,22.56,21104.5
1677599100000,22.56,22.59,22.45,22.54,30519.9
1677600000000,22.54,22.7,22.54,22.55,27303.52
1677600900000,22.55,22.59,22.51,22.55,12728.89
1677601800000,22.55,22.57,22.45,22.45,16968.67
1677602700000,22.45,22.46,22.38,22.41,36088.96
1677603600000,22.41,22.49,22.39,22.47,10654.05
1677604500000,22.47,22.63,22.46,22.56,27167.32
1677605400000,22.57,22.6,22.53,22.56,10644.13
1677606300000,22.57,22.68,22.55,22.61,13055.3
1677607200000,22.6,22.65,22.57,22.57,20545.85
1677608100000,22.57,22.58,22.47,22.53,13491.54
1677609000000,22.53,22.59,22.46,22.58,11869.5
1677609900000,22.58,22.61,22.53,22.53,13980.94
1677610800000,22.53,22.56,22.46,22.52,11466.98
1677611700000,22.53,22.53,22.22,22.25,45740.65
1677612600000,22.25,22.32,22.18,22.25,52150.43
1677613500000,22.25,22.31,22.18,22.2,18939.6
1677614400000,22.19,22.24,22.04,22.22,53252.95
1677615300000,22.22,22.23,22.12,22.15,12987.86
1677616200000,22.15,22.2,22.05,22.2,25472.9
1677617100000,22.19,22.25,22.13,22.13,19170.21
1677618000000,22.13,22.13,21.77,21.84,125766.4
1677618900000,21.84,21.95,21.83,21.91,22180.67
1677619800000,21.9,21.9,21.75,21.86,53782.4
1677620700000,21.85,21.91,21.78,21.9,25726.43
1677621600000,21.89,22.01,21.83,22,30292.93
1677622500000,21.99,22.08,21.97,22.08,23110.07
1677623400000,22.07,22.2,22.06,22.19,35289.14
1677624300000,22.19,22.2,22.06,22.14,14692.63
1677625200000,22.15,22.16,22,22.02,42759.51
1677626100000,22.02,22.09,21.93,21.95,25968.55
1677627000000,21.94,21.99,21.88,21.91,24937.01
1677627900000,21.91,21.93,21.85,21.89,36314.82
1677628800000,21.88,21.96,21.78,21.88,36103.14
1677629700000,21.88,22,21.88,21.92,35186.49
1677630600000,21.92,22,21.83,21.83,24025.16
1677631500000,21.83,21.84,21.65,21.76,80778.32
1677632400000,21.75,21.85,21.73,21.85,27698.05
1677633300000,21.84,21.85,21.78,21.85,20484.23
1677634200000,21.85,22.03,21.85,21.95,46697.55
1677635100000,21.95,22.03,21.92,21.97,20844.9
1677636000000,21.98,22.05,21.96,22.03,13608.29
1677636900000,22.03,22.05,21.99,22.01,17915.59
1677637800000,22.01,22.09,21.99,22.07,15004.67
1677638700000,22.06,22.16,22.06,22.15,22614.53
1677639600000,22.15,22.25,22.09,22.24,23470.46
1677640500000,22.24,22.39,22.23,22.28,46542.21
1677641400000,22.29,22.41,22.28,22.37,17057.2
1677642300000,22.37,22.39,22.28,22.32,39470.22
1677643200000,22.33,22.37,22.3,22.3,10706.64
1677644100000,22.31,22.38,22.3,22.31,27085.21
1677645000000,22.32,22.37,22.3,22.33,12759.35
1677645900000,22.33,22.65,22.33,22.62,49908.05
1677646800000,22.62,22.68,22.54,22.54,23439.99
1677647700000,22.54,22.58,22.47,22.5,14952.43
1677648600000,22.5,22.55,22.47,22.51,12312.29
1677649500000,22.51,22.54,22.47,22.52,12028.35
1677650400000,22.53,22.62,22.49,22.58,24810.75
1677651300000,22.57,22.6,22.52,22.57,14278.52
1677652200000,22.58,22.63,22.56,22.61,25495.95
1677653100000,22.62,22.65,22.57,22.6,31070.29
1677654000000,22.6,22.66,22.56,22.64,19174.99
1677654900000,22.63,22.67,22.59,22.64,19679.73
1677655800000,22.65,22.67,22.58,22.64,6760.75
1677656700000,22.63,22.65,22.57,22.58,10784.95
1677657600000,22.59,22.67,22.54,22.65,20641.17
1677658500000,22.65,22.68,22.6,22.63,18934.48
1677659400000,22.62,22.83,22.6,22.72,52492.44
1677660300000,22.73,22.91,22.7,22.76,58082.77
1677661200000,22.77,22.82,22.73,22.79,28294.43
1677662100000,22.79,22.8,22.68,22.69,21363.71
1677663000000,22.69,22.74,22.62,22.65,32701.54
1677663900000,22.66,22.73,22.64,22.69,17910.27
1677664800000,22.69,22.72,22.63,22.67,11786.44
1677665700000,22.66,22.74,22.63,22.69,45887.36
1677666600000,22.69,22.7,22.64,22.69,16159.32
1677667500000,22.69,22.72,22.64,22.71,15037.33
1677668400000,22.71,22.76,22.68,22.73,17481.83
1677669300000,22.74,22.76,22.69,22.71,14151.1
1677670200000,22.71,22.75,22.65,22.7,18142.55
1677671100000,22.69,22.69,22.62,22.68,17099.84
1677672000000,22.68,22.7,22.63,22.65,16239.75
1677672900000,22.64,22.75,22.64,22.74,10326.14
1677673800000,22.73,22.77,22.67,22.69,56720.61
1677674700000,22.69,22.72,22.65,22.66,24117.39
1677675600000,22.66,22.68,22.58,22.62,28029.36
1677676500000,22.61,22.67,22.57,22.57,15693.26
1677677400000,22.57,22.66,22.52,22.63,33623.77
1677678300000,22.62,22.67,22.61,22.63,28184.95
1677679200000,22.64,22.68,22.57,22.6,21030.38
1677680100000,22.6,22.67,22.58,22.63,16152.4
1677681000000,22.63,22.7,22.52,22.68,48595
1677681900000,22.67,22.87,22.61,22.64,43318.87
1677682800000,22.64,22.74,22.53,22.6,39778.75
1677683700000,22.6,22.65,22.55,22.62,18286.48
1677684600000,22.61,22.74,22.56,22.73,26627.14
1677685500000,22.73,22.75,22.62,22.66,20428.62
1677686400000,22.66,22.67,22.37,22.45,67614.44
1677687300000,22.45,22.53,22.39,22.49,31904.32
1677688200000,22.49,22.6,22.48,22.55,18630.14
1677689100000,22.56,22.64,22.53,22.53,22682.25
1677690000000,22.54,22.57,22.49,22.53,14338.25
1677690900000,22.52,22.55,22.49,22.49,8465.1
1677691800000,22.49,22.57,22.49,22.56,8519.37
1677692700000,22.56,22.6,22.52,22.54,17537.56
1677693600000,22.54,22.58,22.52,22.54,7202.72
1677694500000,22.53,22.57,22.47,22.49,9055.55
1677695400000,22.5,22.5,22.42,22.43,78959.44
1677696300000,22.43,22.44,22.37,22.42,17946.28
1677697200000,22.41,22.42,22.3,22.35,24688.22
1677698100000,22.35,22.4,22.32,22.35,10598.17
1677699000000,22.36,22.39,22.33,22.39,9851.25
1677699900000,22.38,22.38,22.11,22.15,71018.28
1677700800000,22.14,22.22,22.1,22.17,94537.2
1677701700000,22.18,22.24,22.16,22.22,26442.61
1677702600000,22.2,22.25,22.16,22.24,19382.63
1677703500000,22.25,22.27,22.22,22.25,18130.91
1677704400000,22.25,22.26,22.18,22.23,10530.29
1677705300000,22.22,22.33,22.21,22.33,9350.93
1677706200000,22.33,22.46,22.31,22.42,41382.41
1677707100000,22.42,22.45,22.39,22.45,9089.01
1677708000000,22.44,22.49,22.42,22.44,17131.38
1677708900000,22.44,22.45,22.31,22.36,11919.26
1677709800000,22.36,22.4,22.32,22.4,6898
1677710700000,22.39,22.45,22.37,22.41,7842.67
1677711600000,22.4,22.42,22.34,22.38,37532.23
1677712500000,22.39,22.42,22.34,22.42,10483.33
1677713400000,22.41,22.52,22.4,22.5,24955.24
1677714300000,22.5,22.55,22.49,22.51,24914.47
1677715200000,22.5,22.55,22.45,22.45,26771.49
1677716100000,22.44,22.65,22.42,22.53,38327.48
1677717000000,22.53,22.6,22.46,22.48,19459.58
1677717900000,22.48,22.48,22.36,22.36,11909.19
1677718800000,22.36,22.41,22.32,22.36,14505.46
1677719700000,22.35,22.36,22.24,22.27,21140.89
1677720600000,22.27,22.28,22.08,22.16,47922.76
1677721500000,22.15,22.25,22.12,22.2,40967.85
1677722400000,22.2,22.24,22.1,22.17,33378.12
1677723300000,22.16,22.2,22.11,22.2,13293.68
1677724200000,22.19,22.19,22,22.05,43732.66
1677725100000,22.04,22.1,22,22.04,68155.23
1677726000000,22.04,22.05,21.89,21.99,51170.86
1677726900000,22,22.03,21.98,22.02,14280.2
1677727800000,22.01,22.03,21.97,22.01,12694.52
1677728700000,22.01,22.06,21.98,22.04,22102.73
1677729600000,22.04,22.07,22,22.07,14954.36
1677730500000,22.07,22.1,22.04,22.07,16156.88
1677731400000,22.07,22.15,22.06,22.14,7675.81
1677732300000,22.14,22.17,22.12,22.16,11699.1
1677733200000,22.15,22.16,22.05,22.06,11632.14
1677734100000,22.06,22.1,22.04,22.08,30124.47
1677735000000,22.08,22.12,22.01,22.03,33807.44
1677735900000,22.04,22.05,21.93,21.95,27791.9
1677736800000,21.95,21.97,21.85,21.94,40269.88
1677737700000,21.94,22.02,21.89,22,23538.73
1677738600000,22,22.01,21.96,21.99,13657.13
1677739500000,21.99,22.03,21.94,21.97,10520.73
1677740400000,21.97,22.01,21.94,22.01,24025.88
1677741300000,22.01,22.01,21.9,21.97,15513.58
1677742200000,21.97,21.99,21.93,21.98,8502.62
1677743100000,21.98,22,21.94,21.98,10450
1677744000000,21.98,21.98,21.91,21.98,19699.03
1677744900000,21.97,22.03,21.95,22.01,17089.62
1677745800000,22.02,22.06,21.89,22.05,34677.73
1677746700000,22.06,22.1,22.02,22.03,15909.26
1677747600000,22.03,22.08,22,22.06,9671.13
1677748500000,22.06,22.09,21.98,22.08,14178.01
1677749400000,22.09,22.09,22.01,22.07,12248.26
1677750300000,22.07,22.1,21.98,21.99,25761.03
1677751200000,21.99,22.04,21.95,21.99,18200.65
1677752100000,21.99,22.02,21.93,21.99,21834.28
1677753000000,21.98,22.04,21.96,22.02,19222.3
1677753900000,22.02,22.03,21.93,22.01,14630.75
1677754800000,22.01,22.05,21.98,21.99,7478.55
1677755700000,22,22.05,21.97,22.03,18982.11
1677756600000,22.03,22.1,22,22.08,20624.81
1677757500000,22.08,22.1,22.01,22.08,13134.98
1677758400000,22.08,22.1,22.02,22.05,17334.07
1677759300000,22.05,22.05,21.89,21.9,35221.32
1677760200000,21.91,21.96,21.82,21.86,42310.08
1677761100000,21.86,21.93,21.85,21.91,19024.19
1677762000000,21.92,21.96,21.82,21.86,39416.1
1677762900000,21.85,21.99,21.83,21.93,26811.45
1677763800000,21.92,21.98,21.85,21.95,34191.5
1677764700000,21.94,21.96,21.75,21.81,47702.33
1677765600000,21.82,21.91,21.67,21.76,76182.67
1677766500000,21.76,21.8,21.67,21.78,39678.31
1677767400000,21.78,21.86,21.71,21.75,53007.75
1677768300000,21.75,21.84,21.67,21.82,45229.99
1677769200000,21.81,21.89,21.8,21.84,44096.16
1677770100000,21.85,21.88,21.76,21.83,58993.57
1677771000000,21.83,21.87,21.75,21.77,20741.24
1677771900000,21.76,21.86,21.75,21.85,27816.84
1677772800000,21.84,21.86,21.79,21.81,11530.08
1677773700000,21.81,21.87,21.78,21.79,11212.22
1677774600000,21.78,21.82,21.71,21.76,15770
1677775500000,21.76,21.79,21.7,21.75,14678.79
1677776400000,21.75,21.79,21.74,21.76,18384.36
1677777300000,21.77,21.86,21.74,21.83,14002.54
1677778200000,21.84,21.88,21.79,21.79,18282.25
1677779100000,21.79,21.83,21.77,21.79,11267.5
1677780000000,21.8,21.84,21.78,21.84,10247.64
1677780900000,21.84,21.86,21.81,21.82,14712.3
1677781800000,21.83,22,21.8,21.96,26142.95
1677782700000,21.95,22.08,21.92,22.08,21212.63
1677783600000,22.07,22.15,22,22.02,28309.08
1677784500000,22.02,22.13,21.99,22.1,22132.41
1677785400000,22.1,22.12,22.02,22.06,22832.32
1677786300000,22.07,22.1,22.03,22.09,12135.59
1677787200000,22.09,22.13,22.02,22.07,14423.15
1677788100000,22.06,22.11,22.05,22.07,14530.08
1677789000000,22.07,22.14,22.05,22.11,20551.06
1677789900000,22.11,22.16,22,22.04,26026.15
1677790800000,22.04,22.08,22.03,22.07,25373.68
1677791700000,22.08,22.13,22.04,22.1,21806.68
1677792600000,22.1,22.1,22.03,22.06,7760.02
1677793500000,22.06,22.08,22.03,22.03,7406.98
1677794400000,22.03,22.05,22.02,22.05,4657.7
1677795300000,22.05,22.15,22.04,22.13,13466.29
1677796200000,22.13,22.15,22.08,22.12,12728.63
1677797100000,22.11,22.13,22.05,22.06,11272.75
1677798000000,22.07,22.09,22.02,22.04,23838.68
1677798900000,22.04,22.08,21.95,21.97,26521.65
1677799800000,21.98,22,21.93,21.99,19510.23
1677800700000,21.99,22.01,21.95,22,17233.55
1677801600000,22,22.02,21.91,21.92,10107.39
1677802500000,21.91,21.93,21.84,21.87,18353.98
1677803400000,21.87,21.93,21.77,21.83,21521.07
1677804300000,21.83,21.9,21.82,21.84,14909.11
1677805200000,21.84,21.86,21.79,21.8,10115.58
1677806100000,21.81,21.82,20.97,21.01,495929.52
1677807000000,21.02,21.03,20.34,20.53,518243.95
1677807900000,20.52,20.66,20.39,20.54,217501.67
1677808800000,20.53,20.72,20.45,20.67,134027.87
1677809700000,20.67,20.84,20.67,20.79,83761.32
1677810600000,20.79,20.8,20.68,20.75,66990.02
1677811500000,20.75,20.86,20.72,20.82,67514.26
1677812400000,20.82,20.86,20.79,20.8,60449.83
1677813300000,20.79,20.95,20.78,20.94,47677.87
1677814200000,20.94,20.95,20.86,20.88,27058.06
1677815100000,20.87,20.89,20.82,20.86,25757.6
1677816000000,20.86,20.9,20.81,20.9,31973.88
1677816900000,20.9,20.94,20.88,20.91,17890.42
1677817800000,20.92,21,20.89,20.98,34041.58
1677818700000,20.98,21.1,20.98,21.09,20472.81
1677819600000,21.08,21.24,21.08,21.15,34719.74
1677820500000,21.14,21.15,21.04,21.06,27629.63
1677821400000,21.06,21.1,21.02,21.05,32272.2
1677822300000,21.05,21.06,20.99,21.01,16393.8
1677823200000,21,21.06,20.96,20.96,26846.03
1677824100000,20.96,21.12,20.96,21.11,23234.86
1677825000000,21.11,21.13,21.02,21.07,25119.66
1677825900000,21.06,21.07,21.02,21.03,12011.91
1677826800000,21.03,21.03,20.95,21.02,20906.36
1677827700000,21.02,21.06,20.98,21.03,11673.15
1677828600000,21.03,21.08,21.02,21.08,25183.05
1677829500000,21.08,21.09,21.04,21.06,19447.46
1677830400000,21.06,21.16,21.06,21.09,31913.45
1677831300000,21.09,21.13,21.07,21.08,13195.24
1677832200000,21.09,21.16,21.08,21.15,15641.42
1677833100000,21.15,21.19,21.11,21.19,28166.94
1677834000000,21.18,21.23,21.15,21.19,25975.51
1677834900000,21.2,21.22,21.12,21.18,19825.61
1677835800000,21.17,21.2,21.14,21.18,9591.08
1677836700000,21.19,21.2,21.12,21.15,12301.19
1677837600000,21.16,21.17,21.12,21.15,7716.91
1677838500000,21.15,21.2,21.14,21.17,17808.97
1677839400000,21.16,21.2,21.16,21.19,10099.9
1677840300000,21.19,21.23,21.14,21.14,32789.16
1677841200000,21.14,21.22,21.14,21.15,20851.01
1677842100000,21.16,21.2,21.14,21.16,9111.82
1677843000000,21.17,21.21,21.14,21.16,12807.89
1677843900000,21.15,21.2,21.14,21.14,12544.11
1677844800000,21.14,21.18,21.12,21.16,8904.75
1677845700000,21.17,21.17,21.06,21.08,28034.29
1677846600000,21.09,21.11,21.05,21.08,20199.42
1677847500000,21.08,21.12,21.06,21.09,15051.3
1677848400000,21.1,21.11,21.05,21.06,11236.26
1677849300000,21.06,21.22,21.04,21.18,29015.9
1677850200000,21.17,21.18,21.12,21.12,21428.71
1677851100000,21.12,21.42,21.02,21.34,97000.49
1677852000000,21.34,21.45,21.3,21.38,53975.4
1677852900000,21.37,21.38,21.3,21.35,31355.77
1677853800000,21.36,21.39,21.29,21.36,29647.81
1677854700000,21.37,21.41,21.32,21.36,17232.36
1677855600000,21.36,21.41,21.16,21.41,114613.73
1677856500000,21.41,21.42,21.31,21.35,28346.39
1677857400000,21.35,21.35,21.22,21.25,23529.96
1677858300000,21.24,21.27,21.2,21.26,19520.78
1677859200000,21.26,21.31,21.17,21.18,20095.96
1677860100000,21.19,21.25,21.17,21.23,15557.88
1677861000000,21.22,21.24,21.15,21.19,17465.91
1677861900000,21.2,21.24,21.17,21.23,14493.71
1677862800000,21.23,21.31,21.23,21.26,11171.56
1677863700000,21.25,21.29,21.23,21.28,10152.42
1677864600000,21.28,21.31,21.25,21.28,11845.95
1677865500000,21.29,21.36,21.27,21.31,14417.85
1677866400000,21.32,21.37,21.31,21.35,10539.5
1677867300000,21.35,21.35,21.26,21.28,16787.99
1677868200000,21.29,21.32,21.16,21.27,54895.34
1677869100000,21.27,21.28,21.21,21.24,12931.42
1677870000000,21.23,21.27,21.19,21.25,37760.39
1677870900000,21.24,21.32,21.24,21.29,12231.17
1677871800000,21.29,21.4,21.27,21.39,22715.56
1677872700000,21.39,21.46,21.39,21.44,19929.29
1677873600000,21.44,21.53,21.42,21.45,26392.11
1677874500000,21.45,21.47,21.39,21.41,10784.98
1677875400000,21.42,21.42,21.33,21.35,12718.56
1677876300000,21.35,21.39,21.33,21.36,14373.7
1677877200000,21.36,21.38,21.23,21.26,44501.78
1677878100000,21.27,21.33,21.16,21.28,53531.38
1677879000000,21.27,21.34,21.27,21.31,8665.72
1677879900000,21.32,21.35,21.21,21.31,32224.4
1677880800000,21.32,21.35,21.29,21.32,11136.3
1677881700000,21.31,21.34,21.28,21.29,5931.53
1677882600000,21.28,21.41,21.28,21.35,23378.63
1677883500000,21.36,21.41,21.35,21.38,11268.81
1677884400000,21.38,21.43,21.36,21.41,20340.53
1677885300000,21.4,21.42,21.35,21.4,5550.68
1677886200000,21.4,21.43,21.35,21.42,11634.34
1677887100000,21.41,21.42,21.37,21.42,10686.37
1677888000000,21.42,21.43,21.35,21.38,14556.47
1677888900000,21.39,21.44,21.36,21.42,9215.88
1677889800000,21.43,21.51,21.4,21.49,23215.58
1677890700000,21.5,21.5,21.45,21.46,12306
1677891600000,21.45,21.62,21.43,21.46,38625.01
1677892500000,21.47,21.49,21.4,21.4,29058.53
1677893400000,21.41,21.44,21.38,21.42,14183.3
1677894300000,21.42,21.43,21.34,21.38,11548.61
1677895200000,21.38,21.4,21.34,21.37,16931.35
1677896100000,21.37,21.39,21.34,21.35,7632.49
1677897000000,21.35,21.37,21.32,21.33,4626.21
1677897900000,21.34,21.35,21.3,21.33,9232.33
1677898800000,21.32,21.36,21.32,21.34,5824.62
1677899700000,21.33,21.36,21.31,21.32,7318.87
1677900600000,21.31,21.36,21.3,21.34,7210.7
1677901500000,21.35,21.36,21.31,21.33,30652.44
1677902400000,21.33,21.36,21.31,21.36,6156.9
1677903300000,21.36,21.37,21.3,21.3,7970.53
1677904200000,21.29,21.31,21.27,21.3,8374.55
1677905100000,21.3,21.3,21.24,21.29,9339.34
1677906000000,21.29,21.29,21.23,21.25,10374.73
1677906900000,21.26,21.26,21.2,21.2,5184.83
1677907800000,21.2,21.22,21.03,21.15,51562.98
1677908700000,21.16,21.19,21.11,21.13,19342.09
1677909600000,21.14,21.19,21.08,21.19,15867.11
1677910500000,21.19,21.24,21.18,21.2,19781.86
1677911400000,21.2,21.26,21.2,21.26,5914.5
1677912300000,21.25,21.26,21.21,21.22,8232.42
1677913200000,21.23,21.25,21.2,21.21,6773.02
1677914100000,21.21,21.23,21.18,21.2,3791.14
1677915000000,21.2,21.23,21.17,21.18,6522.21
1677915900000,21.18,21.21,21.16,21.17,12346.96
1677916800000,21.18,21.18,21.13,21.15,9304.77
1677917700000,21.14,21.2,21.13,21.18,6850.41
1677918600000,21.19,21.23,21.18,21.2,31681.15
1677919500000,21.21,21.23,21.19,21.21,5644.54
1677920400000,21.2,21.24,21.18,21.23,12157
1677921300000,21.23,21.26,21.23,21.25,15876.07
1677922200000,21.24,21.25,21.2,21.2,10801.28
1677923100000,21.2,21.23,21.18,21.2,6089.1
1677924000000,21.2,21.23,21.19,21.2,4459.72
1677924900000,21.2,21.22,21.15,21.17,5699.72
1677925800000,21.16,21.16,21.08,21.11,13391.61
1677926700000,21.11,21.16,21.08,21.13,10257.74
1677927600000,21.12,21.15,21.1,21.14,8898.98
1677928500000,21.14,21.17,21.1,21.16,19579.46
1677929400000,21.16,21.18,21.09,21.13,43050.94
1677930300000,21.14,21.17,21.1,21.16,5269.24
1677931200000,21.16,21.18,21.11,21.13,9686.6
1677932100000,21.13,21.16,21.11,21.12,7917.16
1677933000000,21.12,21.13,21.07,21.11,6739.35
1677933900000,21.1,21.19,21.09,21.19,7810.97
1677934800000,21.19,21.19,21.16,21.17,7374.49
1677935700000,21.17,21.18,21.14,21.15,15391.12
1677936600000,21.15,21.17,21.13,21.16,11733.73
1677937500000,21.16,21.16,21.11,21.12,8068.18
1677938400000,21.12,21.17,21.08,21.12,20194.59
1677939300000,21.12,21.16,21.1,21.11,6282.92
1677940200000,21.1,21.14,21.07,21.1,15404.18
1677941100000,21.1,21.13,21.07,21.09,30017.79
1677942000000,21.09,21.14,21.09,21.11,11797.66
1677942900000,21.12,21.12,21.07,21.08,7495.13
1677943800000,21.08,21.09,20.94,21.02,40242.69
1677944700000,21.01,21.05,20.93,20.96,36412.71
1677945600000,20.96,20.99,20.9,20.97,33742.59
1677946500000,20.97,21.02,20.97,20.99,16861.71
1677947400000,20.99,21.03,20.97,21,10545.74
1677948300000,20.99,21.02,20.97,20.99,12396.68
1677949200000,20.99,21.01,20.96,20.98,12556.03
1677950100000,20.98,21.05,20.98,21.02,8320.32
1677951000000,21.02,21.03,20.99,21.02,6558.39
1677951900000,21.01,21.01,20.96,20.98,9106.04
1677952800000,20.98,20.98,20.82,20.94,42849.82
1677953700000,20.94,20.98,20.9,20.98,17597.69
1677954600000,20.98,20.99,20.92,20.93,7135.47
1677955500000,20.93,20.94,20.89,20.92,11781.26
1677956400000,20.92,20.93,20.83,20.84,10584.86
1677957300000,20.84,20.87,20.83,20.86,8624.94
1677958200000,20.85,20.88,20.7,20.75,61072.9
1677959100000,20.75,20.76,20.59,20.67,56783.95
1677960000000,20.68,20.7,20.57,20.58,24313.72
1677960900000,20.59,20.7,20.58,20.67,17615.18
1677961800000,20.67,20.7,20.45,20.51,48559.91
1677962700000,20.51,20.64,20.39,20.64,37259.66
1677963600000,20.63,20.64,20.42,20.46,28301.84
1677964500000,20.45,20.56,20.42,20.53,38401.5
1677965400000,20.53,20.55,20.25,20.29,53278.48
1677966300000,20.28,20.53,20.2,20.45,91200.5
1677967200000,20.44,20.48,20.31,20.43,24331.37
1677968100000,20.43,20.76,20.41,20.67,53207.8
1677969000000,20.68,20.86,20.62,20.84,41806.5
1677969900000,20.84,20.84,20.69,20.72,12306.14
1677970800000,20.73,20.84,20.71,20.8,26013.12
1677971700000,20.8,20.87,20.77,20.81,10977.94
1677972600000,20.81,20.97,20.8,20.96,16951.79
1677973500000,20.95,21,20.92,20.98,11784.21
1677974400000,20.98,21.06,20.97,21.03,25137.31
1677975300000,21.03,21.06,20.93,21.04,19239.26
1677976200000,21.05,21.5,21.05,21.32,89274.23
1677977100000,21.32,21.48,21.14,21.4,64651.09
1677978000000,21.4,21.6,21.3,21.34,83538.7
1677978900000,21.33,21.72,21.33,21.45,100350.08
1677979800000,21.45,21.57,21.38,21.46,60413.85
1677980700000,21.46,21.52,21.37,21.43,24833.8
1677981600000,21.44,21.5,21.34,21.43,34546.65
1677982500000,21.44,21.44,21.25,21.28,37692.58
1677983400000,21.29,21.32,20.96,21.17,104475.28
1677984300000,21.16,21.25,21.13,21.19,25771.31
1677985200000,21.19,21.28,21.19,21.26,13429.72
1677986100000,21.26,21.34,21.24,21.3,13940.93
1677987000000,21.31,21.34,21.28,21.28,10326.1
1677987900000,21.29,21.34,21.29,21.33,6808.02
1677988800000,21.33,21.4,21.32,21.37,19477.52
1677989700000,21.38,21.42,21.35,21.38,8220.04
1677990600000,21.37,21.41,21.34,21.4,8254.38
1677991500000,21.4,21.44,21.36,21.4,7112.01
1677992400000,21.41,21.43,21.37,21.42,9018.92
1677993300000,21.42,21.43,21.34,21.36,7464.94
1677994200000,21.35,21.4,21.3,21.32,17066.18
1677995100000,21.32,21.35,21.3,21.32,4270.43
1677996000000,21.32,21.33,21.22,21.28,10621.05
1677996900000,21.28,21.35,21.26,21.28,6098.95
1677997800000,21.28,21.34,21.26,21.31,11759.66
1677998700000,21.3,21.33,21.27,21.29,4675.59
1677999600000,21.29,21.31,21.24,21.27,11616.55
1678000500000,21.27,21.33,21.26,21.3,6100.64
1678001400000,21.3,21.34,21.28,21.29,6295.36
1678002300000,21.29,21.31,21.27,21.31,2719.58
1678003200000,21.3,21.37,21.26,21.37,6635.07
1678004100000,21.37,21.38,21.3,21.33,18331.31
1678005000000,21.32,21.34,21.27,21.28,6987.26
1678005900000,21.28,21.28,21.2,21.21,8276.94
1678006800000,21.21,21.26,21.14,21.23,11987.17
1678007700000,21.23,21.31,21.22,21.26,15896.99
1678008600000,21.25,21.3,21.23,21.26,7421.67
1678009500000,21.26,21.29,21.23,21.24,7385.13
1678010400000,21.24,21.28,21.24,21.26,5677.33
1678011300000,21.25,21.34,21.23,21.29,14319.23
1678012200000,21.28,21.3,21.26,21.28,6581.61
1678013100000,21.28,21.3,21.22,21.29,6103.23
1678014000000,21.28,21.29,21.24,21.28,4005.85
1678014900000,21.28,21.29,21.21,21.25,5778.32
1678015800000,21.24,21.25,21.18,21.19,8495.92
1678016700000,21.2,21.28,21.18,21.2,8179.4
1678017600000,21.2,21.24,21.17,21.19,6268.77
1678018500000,21.19,21.25,21.16,21.16,8787.65
1678019400000,21.17,21.23,21.16,21.22,14854.66
1678020300000,21.22,21.23,21.17,21.2,13727.56
1678021200000,21.2,21.27,21.2,21.26,12766.42
1678022100000,21.25,21.29,21.21,21.29,13355.45
1678023000000,21.28,21.3,21.22,21.26,20391.41
1678023900000,21.26,21.28,21.22,21.26,13269.89
1678024800000,21.25,21.31,21.23,21.28,13176.47
1678025700000,21.27,21.29,21.21,21.23,13262.98
1678026600000,21.22,21.24,21.18,21.2,10749.02
1678027500000,21.19,21.28,21.16,21.24,16693.33
1678028400000,21.25,21.3,21.24,21.27,13012.51
1678029300000,21.27,21.33,21.23,21.32,11401.51
1678030200000,21.33,21.36,21.26,21.27,10531.39
1678031100000,21.27,21.3,21.25,21.27,7478.7
1678032000000,21.27,21.33,21.24,21.24,13898.62
1678032900000,21.24,21.29,21.22,21.24,7811.39
1678033800000,21.24,21.28,21.21,21.27,5932.89
1678034700000,21.27,21.29,21.2,21.22,11860.99
1678035600000,21.22,21.26,21.19,21.21,11424.17
1678036500000,21.21,21.23,21.19,21.23,5484.32
1678037400000,21.22,21.27,21.21,21.25,8368.8
1678038300000,21.26,21.26,21.02,21.11,28418.71
1678039200000,21.11,21.11,21.01,21.06,19700.01
1678040100000,21.07,21.14,21.05,21.09,10991.53
1678041000000,21.09,21.12,21.05,21.12,13222.11
1678041900000,21.12,21.15,21.08,21.12,9746.85
1678042800000,21.13,21.15,21.09,21.12,8239.37
1678043700000,21.12,21.15,21.03,21.06,11456.22
1678044600000,21.06,21.09,21.02,21.05,12240.09
1678045500000,21.06,21.13,21.05,21.1,14698.68
1678046400000,21.1,21.15,21.08,21.15,7533.56
1678047300000,21.15,21.21,21.12,21.17,9205.96
1678048200000,21.18,21.22,21.13,21.22,9293.04
1678049100000,21.21,21.28,21.19,21.22,16651.79
1678050000000,21.21,21.3,21.19,21.29,14656.77
1678050900000,21.29,21.33,21.22,21.24,23378.92
1678051800000,21.24,21.26,21.01,21.06,47119.53
1678052700000,21.05,21.23,21.04,21.17,21834.73
1678053600000,21.17,21.17,21.11,21.14,13531.44
1678054500000,21.15,21.15,21.07,21.08,11357.24
1678055400000,21.09,21.12,21.03,21.11,11956.23
1678056300000,21.12,21.14,21.04,21.05,7109.51
1678057200000,21.06,21.06,20.85,20.92,84151.06
1678058100000,20.91,20.93,20.84,20.88,29316.18
1678059000000,20.87,21.01,20.86,20.96,19179.42
1678059900000,20.96,21.03,20.93,20.97,16540.97
1678060800000,20.98,20.98,20.88,20.89,22232.62
1678061700000,20.88,21,20.76,20.99,53220.2
1678062600000,21,21.09,20.98,21.02,13033.85
1678063500000,21.03,21.05,20.98,21,11868.41
1678064400000,20.99,21.08,20.9,20.93,19915.7
1678065300000,20.92,21.06,20.68,20.95,83661.47
1678066200000,20.95,20.98,20.8,20.81,26060.9
1678067100000,20.81,20.85,20.72,20.81,21390.66
1678068000000,20.81,20.83,20.66,20.8,65699.02
1678068900000,20.78,20.82,20.71,20.74,20938.13
1678069800000,20.74,20.9,20.71,20.84,42831.48
1678070700000,20.84,20.88,20.8,20.85,14169.52
1678071600000,20.85,20.95,20.85,20.89,9014.27
1678072500000,20.9,20.93,20.87,20.91,6682.43
1678073400000,20.91,20.92,20.87,20.9,5501.28
1678074300000,20.9,20.93,20.87,20.92,5978.35
1678075200000,20.92,20.93,20.88,20.93,11549.71
1678076100000,20.92,20.96,20.87,20.9,20954.51
1678077000000,20.9,20.9,20.69,20.81,126694.23
1678077900000,20.8,20.81,20.66,20.7,122323.4
1678078800000,20.71,20.72,20.6,20.68,41285.02
1678079700000,20.67,20.72,20.63,20.65,16888.56
1678080600000,20.65,20.73,20.64,20.7,13081.86
1678081500000,20.7,20.77,20.68,20.76,6735.97
1678082400000,20.77,20.79,20.74,20.76,15649.79
1678083300000,20.76,20.88,20.76,20.86,18732.9
1678084200000,20.85,20.86,20.8,20.83,6694.14
1678085100000,20.83,20.83,20.78,20.81,6177.12
1678086000000,20.81,20.82,20.72,20.81,13183.23
1678086900000,20.8,20.85,20.8,20.84,6297.84
1678087800000,20.83,20.84,20.78,20.81,15354.42
1678088700000,20.82,20.82,20.76,20.76,7401.67
1678089600000,20.75,20.78,20.71,20.71,9300.36
1678090500000,20.71,20.74,20.61,20.71,55696.52
1678091400000,20.7,20.78,20.67,20.75,20629.36
1678092300000,20.74,20.78,20.73,20.77,6778.85
1678093200000,20.76,20.79,20.71,20.73,8467.43
1678094100000,20.74,20.75,20.66,20.69,13752.42
1678095000000,20.69,20.73,20.67,20.7,11537.21
1678095900000,20.71,20.74,20.66,20.73,13905.96
1678096800000,20.73,20.76,20.67,20.73,17263.88
1678097700000,20.73,20.78,20.7,20.74,15382.07
1678098600000,20.73,20.74,20.67,20.7,19841.99
1678099500000,20.7,20.75,20.68,20.74,8219.35
1678100400000,20.74,20.75,20.69,20.73,14697.87
1678101300000,20.72,20.75,20.72,20.74,6347.81
1678102200000,20.73,20.75,20.69,20.69,10242.59
1678103100000,20.7,20.72,20.68,20.7,10245.42
1678104000000,20.7,20.71,20.55,20.61,35998.15
1678104900000,20.61,20.71,20.6,20.68,11800.07
1678105800000,20.68,20.73,20.68,20.72,14484.92
1678106700000,20.71,20.72,20.65,20.71,13413.6
1678107600000,20.71,20.75,20.67,20.73,26225.42
1678108500000,20.72,20.83,20.7,20.83,34851.46
1678109400000,20.82,20.85,20.76,20.82,16635.94
1678110300000,20.83,20.88,20.77,20.83,23047.55
1678111200000,20.84,20.86,20.77,20.8,13125.58
1678112100000,20.8,20.85,20.79,20.85,7407.65
1678113000000,20.85,20.92,20.8,20.85,33058.87
1678113900000,20.85,20.87,20.78,20.86,20226.07
1678114800000,20.87,20.95,20.84,20.9,27076.13
1678115700000,20.89,20.94,20.83,20.84,22131.02
1678116600000,20.83,20.85,20.8,20.83,12607.56
1678117500000,20.83,21.1,20.83,21.06,72679.6
1678118400000,21.05,21.19,21,21.03,57308.58
1678119300000,21.03,21.07,20.94,20.97,28994.6
1678120200000,20.96,20.99,20.91,20.94,21072.34
1678121100000,20.95,21.06,20.91,20.99,31461.46
1678122000000,21,21,20.94,20.99,14079.47
1678122900000,21,21.01,20.93,20.95,9012.36
1678123800000,20.96,21,20.94,20.98,12832.56
1678124700000,20.99,20.99,20.92,20.94,13404.93
1678125600000,20.93,20.97,20.91,20.95,9801.61
1678126500000,20.95,21.03,20.92,21.02,10231.75
1678127400000,21.02,21.03,20.95,21,12935.79
1678128300000,21.01,21.03,20.98,20.99,22860.99
1678129200000,20.98,21.03,20.97,21.02,13577.86
1678130100000,21.01,21.03,20.82,20.9,39055.21
1678131000000,20.9,20.91,20.78,20.82,28068.71
1678131900000,20.83,20.88,20.75,20.76,26517.3
1678132800000,20.76,20.77,20.68,20.71,29073.64
1678133700000,20.71,20.73,20.63,20.66,34408.16
1678134600000,20.66,20.74,20.64,20.73,17786.59
1678135500000,20.74,20.75,20.54,20.55,33179.46
1678136400000,20.55,20.56,20.47,20.51,55524.55
1678137300000,20.51,20.6,20.49,20.57,28979.57
1678138200000,20.58,20.68,20.54,20.61,17534.08
1678139100000,20.62,20.63,20.55,20.61,13282.45
1678140000000,20.61,20.68,20.61,20.67,22365.89
1678140900000,20.67,20.69,20.65,20.68,7076.39
1678141800000,20.68,20.74,20.67,20.7,14894.07
1678142700000,20.7,20.74,20.67,20.71,18408.68
1678143600000,20.71,20.74,20.67,20.71,17827.19
1678144500000,20.71,20.74,20.67,20.69,26443.36
1678145400000,20.7,20.73,20.65,20.66,13096.35
1678146300000,20.67,20.68,20.6,20.63,17042.59
1678147200000,20.62,20.64,20.53,20.56,14082.31
1678148100000,20.57,20.57,20.44,20.49,26188.5
1678149000000,20.48,20.62,20.48,20.59,31870.47
1678149900000,20.58,20.59,20.51,20.59,8887.33
1678150800000,20.59,20.79,20.57,20.78,44398.95
1678151700000,20.79,20.95,20.75,20.86,35797.7
1678152600000,20.86,20.88,20.74,20.75,22621.44
1678153500000,20.75,20.82,20.74,20.78,19033.21
1678154400000,20.78,20.83,20.75,20.75,10934.97
1678155300000,20.75,20.78,20.73,20.76,6701.52
1678156200000,20.76,20.83,20.74,20.74,12295.74
1678157100000,20.74,20.83,20.71,20.83,8163.22
1678158000000,20.83,20.88,20.74,20.75,21446.34
1678158900000,20.75,20.83,20.73,20.81,40998.65
1678159800000,20.81,20.83,20.77,20.8,18465.3
1678160700000,20.8,20.81,20.77,20.79,4311.98
1678161600000,20.8,20.82,20.76,20.8,11023.54
1678162500000,20.81,20.81,20.77,20.78,5134.83
1678163400000,20.79,20.8,20.75,20.77,11099.2
1678164300000,20.77,20.85,20.75,20.83,10441.55
1678165200000,20.84,20.86,20.81,20.82,8067.4
1678166100000,20.82,20.83,20.78,20.81,9757.39
1678167000000,20.81,20.86,20.8,20.84,12884.39
1678167900000,20.84,20.85,20.79,20.81,7825.94
1678168800000,20.82,20.82,20.73,20.75,9613.67
1678169700000,20.76,20.78,20.73,20.75,12057.95
1678170600000,20.74,20.79,20.74,20.77,9463.39
1678171500000,20.77,20.78,20.75,20.77,4759.38
1678172400000,20.76,20.79,20.69,20.78,30432.63
1678173300000,20.77,20.79,20.72,20.73,12275.78
1678174200000,20.73,20.76,20.69,20.72,30408.05
1678175100000,20.72,20.74,20.68,20.71,16581.42
1678176000000,20.71,20.73,20.67,20.68,8868.38
1678176900000,20.69,20.74,20.68,20.71,7849.55
1678177800000,20.71,20.72,20.66,20.7,11419.32
1678178700000,20.7,20.73,20.67,20.72,7418.25
1678179600000,20.72,20.74,20.69,20.69,6102.15
1678180500000,20.69,20.71,20.63,20.64,28155.02
1678181400000,20.64,20.68,20.57,20.58,49144.65
1678182300000,20.59,20.63,20.52,20.53,30087.87
1678183200000,20.54,20.63,20.51,20.6,20392.43
1678184100000,20.59,20.65,20.59,20.65,8839.21
1678185000000,20.64,20.65,20.57,20.58,10796.07
1678185900000,20.59,20.59,20.35,20.43,59953.01
1678186800000,20.42,20.47,20.39,20.46,23253.64
1678187700000,20.46,20.46,20.33,20.43,31170.61
1678188600000,20.43,20.45,20.37,20.4,21175.77
1678189500000,20.39,20.39,20.27,20.31,47248.09
1678190400000,20.31,20.44,20.29,20.42,29746.03
1678191300000,20.42,20.45,20.39,20.42,14550.42
1678192200000,20.42,20.46,20.37,20.46,19588.19
1678193100000,20.46,20.51,20.41,20.47,20691.65
1678194000000,20.47,20.51,20.44,20.44,15927.51
1678194900000,20.45,20.53,20.44,20.48,11405.74
1678195800000,20.49,20.51,20.45,20.49,12473.37
1678196700000,20.49,20.5,20.37,20.4,16987.24
1678197600000,20.39,20.4,20.25,20.29,56894.31
1678198500000,20.3,20.39,20.23,20.33,36753.78
1678199400000,20.33,20.38,20.13,20.33,101931.21
1678200300000,20.33,20.4,20.32,20.32,20758.65
1678201200000,20.31,20.32,19.92,20.1,333474.9
1678202100000,20.09,20.62,20.04,20.33,181459.77
1678203000000,20.34,20.64,20.32,20.45,139010.65
1678203900000,20.45,20.63,20.41,20.42,85483.51
1678204800000,20.42,20.51,20.34,20.34,62742.16
1678205700000,20.34,20.37,20.11,20.12,73965.35
1678206600000,20.12,20.18,20.04,20.18,57402.61
1678207500000,20.17,20.24,20.16,20.17,37114.5
1678208400000,20.18,20.23,20.15,20.19,23437.29
1678209300000,20.19,20.42,20.18,20.37,44063.8
1678210200000,20.37,20.44,20.35,20.4,30978.49
1678211100000,20.41,20.48,20.4,20.42,36496.94
1678212000000,20.42,20.46,20.33,20.36,27618.1
1678212900000,20.36,20.39,20.25,20.29,13958.42
1678213800000,20.29,20.34,20.19,20.19,12577.5
1678214700000,20.19,20.22,20.13,20.16,23465.68
1678215600000,20.16,20.26,20.14,20.23,20134.64
1678216500000,20.23,20.25,20.14,20.18,15330.74
1678217400000,20.17,20.21,20.14,20.14,10247.13
1678218300000,20.14,20.16,19.97,20.02,55601.14
1678219200000,20.01,20.05,19.87,19.96,90422.23
1678220100000,19.97,20.04,19.95,19.98,32331.8
1678221000000,19.98,20.14,19.98,20.11,29520.84
1678221900000,20.11,20.12,20,20.06,35558.61
1678222800000,20.06,20.12,19.9,19.95,45951.42
1678223700000,19.95,20.03,19.9,19.95,26528.67
1678224600000,19.96,20.08,19.96,20.06,25351.94
1678225500000,20.05,20.05,19.93,19.94,22488.85
1678226400000,19.94,19.96,19.71,19.83,89075.18
1678227300000,19.83,20,19.82,19.99,23806.79
1678228200000,19.99,20,19.92,19.99,15343.97
1678229100000,20,20.07,19.98,20.05,10295.14
1678230000000,20.06,20.18,20.04,20.11,20222.74
1678230900000,20.11,20.21,20.09,20.19,51239.43
1678231800000,20.2,20.29,20.16,20.25,32297.34
1678232700000,20.26,20.27,20.22,20.25,12227.46
1678233600000,20.25,20.39,20.23,20.31,37931.15
1678234500000,20.31,20.33,20.25,20.32,44309.17
1678235400000,20.32,20.38,20.27,20.32,33802.11
1678236300000,20.32,20.32,20.25,20.31,17871.7
1678237200000,20.3,20.32,20.12,20.19,78847.28
1678238100000,20.2,20.26,20.17,20.2,18861.29
1678239000000,20.2,20.28,20.16,20.16,17276.55
1678239900000,20.15,20.19,20.08,20.11,21799.48
1678240800000,20.11,20.18,20.08,20.16,23633.02
1678241700000,20.17,20.17,20.1,20.11,16000.06
1678242600000,20.11,20.12,20.07,20.11,10709.9
1678243500000,20.1,20.13,20.04,20.05,18602.33
1678244400000,20.06,20.09,19.97,20.01,54421.59
1678245300000,20,20,19.86,19.87,27103.82
1678246200000,19.86,19.97,19.8,19.96,48705.52
1678247100000,19.95,20.04,19.92,20,17739.34
1678248000000,20,20.06,19.98,20.05,15721.73
1678248900000,20.05,20.07,19.98,20,17054.09
1678249800000,20.01,20.05,19.98,20.02,9214.67
1678250700000,20.03,20.03,19.97,20.01,13541.79
1678251600000,20.01,20.01,19.89,19.89,13958.2
1678252500000,19.89,19.91,19.77,19.78,33211.88
1678253400000,19.78,19.84,19.52,19.61,210443.82
1678254300000,19.61,19.75,19.59,19.65,74499.62
1678255200000,19.65,19.71,19.59,19.71,44566.92
1678256100000,19.7,19.72,19.58,19.61,47721.14
1678257000000,19.61,19.68,19.44,19.5,54284.53
1678257900000,19.51,19.58,19.47,19.55,29599.52
1678258800000,19.55,19.59,19.47,19.48,23645.12
1678259700000,19.47,19.52,19.17,19.19,157068.31
1678260600000,19.19,19.37,19.18,19.32,50146.01
1678261500000,19.31,19.33,19.13,19.19,59402.76
1678262400000,19.2,19.29,19.16,19.25,46010.08
1678263300000,19.25,19.37,19.23,19.35,26579.33
1678264200000,19.35,19.37,19.31,19.32,26002.66
1678265100000,19.33,19.37,19.3,19.31,18628.98
1678266000000,19.31,19.4,19.3,19.39,29619.89
1678266900000,19.4,19.41,19.32,19.33,21026.95
1678267800000,19.33,19.39,19.29,19.33,23781.83
1678268700000,19.34,19.4,19.33,19.36,36037.85
1678269600000,19.36,19.36,19.25,19.27,24771.96
1678270500000,19.27,19.37,19.27,19.33,30088.03
1678271400000,19.33,19.53,19.31,19.5,48162.72
1678272300000,19.5,19.52,19.46,19.48,42816.72
1678273200000,19.48,19.53,19.38,19.39,70089.05
1678274100000,19.38,19.42,19.35,19.39,26938.56
1678275000000,19.39,19.41,19.35,19.36,21359.12
1678275900000,19.36,19.37,19.3,19.34,32845.3
1678276800000,19.33,19.35,19.29,19.33,27866.04
1678277700000,19.34,19.38,19.17,19.18,48820.94
1678278600000,19.17,19.25,19.13,19.19,66878.09
1678279500000,19.19,19.22,19,19.04,150908.07
1678280400000,19.04,19.07,18.8,18.81,172740.14
1678281300000,18.82,19.03,18.78,18.91,174046.05
1678282200000,18.91,18.97,18.87,18.96,69662.88
1678283100000,18.96,18.96,18.66,18.77,157073.45
1678284000000,18.78,18.88,18.64,18.88,114615.41
1678284900000,18.88,18.96,18.78,18.8,116682.57
1678285800000,18.81,18.93,18.77,18.86,81422
1678286700000,18.86,18.91,18.82,18.84,38116.55
1678287600000,18.85,19.23,18.73,19.15,305887.56
1678288500000,19.15,19.18,18.93,19.05,110395.44
1678289400000,19.06,19.29,19.01,19.17,98174.21
1678290300000,19.16,19.27,19.1,19.24,55605.18
1678291200000,19.24,19.41,19.2,19.23,106130.22
1678292100000,19.24,19.25,19.1,19.11,48755.81
1678293000000,19.11,19.15,18.97,19.09,78898.34
1678293900000,19.09,19.24,19.06,19.16,41082.71
1678294800000,19.16,19.19,18.93,18.96,89550.44
1678295700000,18.95,19.07,18.95,18.98,60593.18
1678296600000,18.98,19,18.87,18.96,60579.89
1678297500000,18.97,18.99,18.81,18.83,37611.07
1678298400000,18.82,18.94,18.79,18.85,35599.24
1678299300000,18.84,18.87,18.63,18.65,59539.71
1678300200000,18.64,18.69,18.47,18.5,85707.39
1678301100000,18.49,18.73,18.48,18.72,67600.79
1678302000000,18.72,18.74,18.63,18.64,60706.31
1678302900000,18.63,18.8,18.62,18.72,54314.04
1678303800000,18.72,18.86,18.68,18.82,55202.71
1678304700000,18.82,18.87,18.67,18.68,32271.18
1678305600000,18.68,18.72,18.56,18.59,35356.74
1678306500000,18.6,18.67,18.52,18.63,43705.98
1678307400000,18.64,18.96,18.62,18.87,80875.58
1678308300000,18.87,18.92,18.83,18.9,32634.76
1678309200000,18.91,18.91,18.84,18.88,27667.91
1678310100000,18.89,18.95,18.87,18.88,36321.59
1678311000000,18.89,18.9,18.67,18.7,48277.09
1678311900000,18.71,18.71,18.54,18.69,83661.36
1678312800000,18.68,18.7,18.52,18.58,52999.08
1678313700000,18.58,18.6,18.54,18.57,33336.52
1678314600000,18.57,18.57,18.28,18.46,116186.14
1678315500000,18.46,18.49,18.1,18.37,165015.65
1678316400000,18.37,18.49,18.21,18.45,219457.58
1678317300000,18.44,18.53,18.38,18.49,111458.79
1678318200000,18.49,18.58,18.42,18.48,67311.57
1678319100000,18.48,18.49,18.38,18.41,43046.13
1678320000000,18.41,18.57,18.41,18.46,75029.09
1678320900000,18.47,18.56,18.37,18.54,75569.2
1678321800000,18.53,18.56,18.42,18.45,62045.35
1678322700000,18.45,18.56,18.45,18.51,33471.76
1678323600000,18.51,18.53,18.37,18.51,58875.22
1678324500000,18.5,18.59,18.49,18.49,48341.72
1678325400000,18.5,18.53,18.42,18.47,41139.12
1678326300000,18.48,18.5,18.43,18.43,22044.55
1678327200000,18.44,18.53,18.44,18.51,15912.1
1678328100000,18.51,18.68,18.51,18.66,41484.5
1678329000000,18.66,18.68,18.58,18.61,24334.84
1678329900000,18.62,18.64,18.57,18.57,7198.27
1678330800000,18.58,18.66,18.57,18.58,22341.64
1678331700000,18.59,18.63,18.58,18.6,13274.54
1678332600000,18.61,18.66,18.58,18.6,22124.67
1678333500000,18.61,18.62,18.55,18.58,23874.34
1678334400000,18.59,18.61,18.52,18.55,20972.93
1678335300000,18.54,18.55,18.5,18.52,21281.51
1678336200000,18.52,18.57,18.51,18.54,9814.79
1678337100000,18.55,18.57,18.5,18.51,11724.03
1678338000000,18.52,18.62,18.51,18.61,23919.68
1678338900000,18.61,18.62,18.55,18.6,15663.74
1678339800000,18.61,18.62,18.54,18.55,21483.36
1678340700000,18.55,18.59,18.52,18.54,12937.58
1678341600000,18.54,18.62,18.53,18.61,12972.29
1678342500000,18.61,18.63,18.57,18.6,11614.44
1678343400000,18.6,18.65,18.54,18.63,22229.7
1678344300000,18.64,18.78,18.59,18.71,48503.15
1678345200000,18.71,18.71,18.63,18.66,23616.07
1678346100000,18.66,18.69,18.59,18.61,27184.34
1678347000000,18.61,18.67,18.51,18.53,19948.38
1678347900000,18.53,18.58,18.48,18.5,30122.4
1678348800000,18.5,18.6,18.45,18.54,56447.58
1678349700000,18.55,18.57,18.46,18.46,33406.01
1678350600000,18.47,18.48,18.34,18.37,57873.86
1678351500000,18.38,18.5,18.24,18.49,129454.21
1678352400000,18.48,18.52,18.36,18.52,47225.1
1678353300000,18.52,18.57,18.43,18.45,54718.69
1678354200000,18.46,18.47,18.38,18.39,16376.38
1678355100000,18.39,18.49,18.37,18.47,11235.33
1678356000000,18.46,18.5,18.39,18.5,16963.18
1678356900000,18.49,18.49,18.41,18.44,15833.47
1678357800000,18.44,18.47,18.38,18.43,18310.5
1678358700000,18.43,18.55,18.37,18.51,42409.36
1678359600000,18.52,18.61,18.5,18.6,22014.89
1678360500000,18.6,18.61,18.51,18.54,22075.04
1678361400000,18.54,18.6,18.53,18.58,13294.59
1678362300000,18.58,18.6,18.53,18.54,25350.99
1678363200000,18.54,18.56,18.47,18.48,29791.26
1678364100000,18.49,18.49,18.41,18.43,30146.44
1678365000000,18.43,18.46,18.37,18.38,22597.97
1678365900000,18.38,18.41,18.3,18.31,38900.97
1678366800000,18.32,18.32,18.21,18.25,80994.54
1678367700000,18.24,18.27,18.14,18.19,69183.14
1678368600000,18.19,18.38,18.19,18.32,135260.85
1678369500000,18.32,18.61,18.32,18.58,292845.2
1678370400000,18.58,18.63,18.48,18.56,208903.15
1678371300000,18.56,18.64,18.42,18.45,169908.64
1678372200000,18.44,18.52,18.35,18.43,82390.19
1678373100000,18.44,18.55,18.44,18.5,61781.29
1678374000000,18.5,18.68,18.48,18.52,71607.89
1678374900000,18.51,18.53,18.37,18.46,65834.54
1678375800000,18.47,18.52,18.42,18.47,29517.76
1678376700000,18.47,18.51,18.34,18.35,26306.4
1678377600000,18.36,18.4,18.24,18.34,76792.06
1678378500000,18.35,18.38,18.21,18.23,58117.32
1678379400000,18.22,18.28,18.02,18.1,169563.64
1678380300000,18.1,18.19,18.04,18.14,112022.58
1678381200000,18.14,18.2,18.03,18.16,75489.57
1678382100000,18.15,18.22,18.09,18.13,48495.09
1678383000000,18.14,18.14,18.04,18.08,41064.5
1678383900000,18.08,18.15,18.07,18.14,33269.38
1678384800000,18.14,18.18,18.07,18.11,45298.65
1678385700000,18.1,18.17,18.06,18.1,60600.48
1678386600000,18.09,18.09,17.73,17.9,380081
1678387500000,17.89,17.93,17.81,17.84,102561.2
1678388400000,17.84,17.85,17.57,17.78,311494.79
1678389300000,17.78,17.8,17.61,17.61,100619.71
1678390200000,17.62,17.67,17.54,17.58,139580.1
1678391100000,17.59,17.74,17.5,17.74,216773.76
1678392000000,17.74,17.74,17.55,17.57,178657.65
1678392900000,17.58,17.66,17.35,17.51,415972.82
1678393800000,17.51,17.65,17.28,17.38,377068.14
1678394700000,17.38,17.38,16.69,16.83,719822.82
1678395600000,16.82,17.24,16.82,17.1,344907.14
1678396500000,17.1,17.32,17.1,17.26,147333.87
1678397400000,17.26,17.31,17.06,17.15,91481.44
1678398300000,17.15,17.21,16.9,16.9,117728.62
1678399200000,16.91,17.35,16.89,17.29,161280.17
1678400100000,17.3,17.3,17.13,17.17,75797.11
1678401000000,17.17,17.28,17.13,17.22,51188.35
1678401900000,17.23,17.23,17.12,17.13,41238.47
1678402800000,17.14,17.33,17.09,17.32,60314.98
1678403700000,17.31,17.33,17.23,17.29,37733.06
1678404600000,17.29,17.37,17.23,17.29,57848.18
1678405500000,17.29,17.36,17.23,17.33,62343.6
1678406400000,17.34,17.36,17.16,17.16,86537.53
1678407300000,17.17,17.29,17.12,17.19,129479.35
1678408200000,17.19,17.28,17.16,17.18,75881.3
1678409100000,17.19,17.19,17,17.06,121530.75
1678410000000,17.06,17.15,16.85,16.98,191599.07
1678410900000,16.98,17.08,16.79,17.08,230321.65
1678411800000,17.07,17.26,17.04,17.17,108111.94
1678412700000,17.17,17.33,17.16,17.28,72471.83
1678413600000,17.27,17.33,17.23,17.3,47248.12
1678414500000,17.29,17.29,17.16,17.17,50665.24
1678415400000,17.17,17.26,17.16,17.2,32628.75
1678416300000,17.2,17.22,17.16,17.21,46108.12
1678417200000,17.21,17.24,17.15,17.21,23534.87
1678418100000,17.21,17.31,17.18,17.26,20905.78
1678419000000,17.26,17.29,17.24,17.24,19208.67
1678419900000,17.24,17.26,17.14,17.16,18110.74
1678420800000,17.15,17.19,17.08,17.13,40078.79
1678421700000,17.14,17.14,17.02,17.05,42507.98
1678422600000,17.05,17.07,16.96,17.05,62090.74
1678423500000,17.05,17.06,16.98,17.03,33951.18
1678424400000,17.02,17.06,16.98,16.98,48475.51
1678425300000,16.98,17.09,16.97,17.07,33001.47
1678426200000,17.06,17.19,17.06,17.13,36880.54
1678427100000,17.12,17.17,17.11,17.14,22001.16
1678428000000,17.13,17.18,17.06,17.07,25886.48
1678428900000,17.06,17.1,17.01,17.04,46631.71
1678429800000,17.04,17.08,16.97,16.98,55235.06
1678430700000,16.97,16.98,16.77,16.79,176708.24
1678431600000,16.8,16.84,16.6,16.7,248524.85
1678432500000,16.69,16.9,16.63,16.88,125104.17
1678433400000,16.89,17.04,16.86,16.94,92044.75
1678434300000,16.95,17.03,16.95,16.98,33389.43
1678435200000,16.99,17.03,16.93,16.98,54774.59
1678436100000,16.97,16.97,16.89,16.94,39334.53
1678437000000,16.94,16.95,16.75,16.76,54704.42
1678437900000,16.75,16.89,16.74,16.86,47333.3
1678438800000,16.86,16.89,16.67,16.68,41075.5
1678439700000,16.68,16.77,16.65,16.66,55899.06
1678440600000,16.66,16.7,16.43,16.47,137112.18
1678441500000,16.47,16.62,16.47,16.48,104967.62
1678442400000,16.48,16.56,16.32,16.39,152333.59
1678443300000,16.39,16.4,16.12,16.16,176000.71
1678444200000,16.16,16.27,16,16.08,372051.51
1678445100000,16.09,16.27,16.05,16.18,190079.89
1678446000000,16.19,16.34,16.19,16.32,106879.84
1678446900000,16.33,16.36,16.22,16.34,91609.53
1678447800000,16.34,16.43,16.31,16.33,144240.5
1678448700000,16.34,16.88,16.32,16.71,285834.35
1678449600000,16.71,16.79,16.59,16.64,59829.71
1678450500000,16.64,16.97,16.63,16.88,257968.25
1678451400000,16.88,16.89,16.77,16.85,76795.02
1678452300000,16.85,17.01,16.82,16.96,100967.81
1678453200000,16.95,17.04,16.89,16.97,101296.82
1678454100000,16.96,17.04,16.89,16.98,82772.56
1678455000000,16.97,17.79,16.97,17.69,647147.09
1678455900000,17.7,17.93,17.56,17.58,417537.48
1678456800000,17.58,17.59,17.22,17.24,269138.56
1678457700000,17.24,17.47,17.17,17.41,161146.83
1678458600000,17.42,17.46,17.07,17.09,198336.32
1678459500000,17.09,17.39,16.98,17.35,213166.22
1678460400000,17.35,17.55,17.35,17.4,162551.6
1678461300000,17.39,17.49,17.27,17.36,112038.67
1678462200000,17.36,17.59,17.36,17.54,132987.46
1678463100000,17.54,17.77,17.54,17.67,126004.76
1678464000000,17.66,17.66,17.52,17.54,87850.46
1678464900000,17.53,17.89,17.46,17.81,127200.58
1678465800000,17.81,17.97,17.76,17.78,129800.73
1678466700000,17.78,17.81,17.66,17.69,90540.77
1678467600000,17.69,17.73,17.47,17.54,93290.05
1678468500000,17.54,17.64,17.53,17.59,46621.02
1678469400000,17.59,17.76,17.55,17.74,63395.89
1678470300000,17.74,17.88,17.65,17.66,81396.51
1678471200000,17.67,17.83,17.67,17.75,57957.93
1678472100000,17.75,17.75,17.52,17.6,67149.45
1678473000000,17.59,17.66,17.54,17.64,38040.3
1678473900000,17.63,17.69,17.43,17.48,42583.45
1678474800000,17.47,17.68,17.47,17.59,56052.19
1678475700000,17.59,17.61,17.48,17.5,28858.34
1678476600000,17.5,17.68,17.5,17.63,50572.76
1678477500000,17.63,17.84,17.63,17.78,62703.99
1678478400000,17.77,17.88,17.68,17.8,80587.27
1678479300000,17.8,17.85,17.69,17.77,52802.6
1678480200000,17.77,17.82,17.66,17.68,48034.83
1678481100000,17.68,17.79,17.67,17.74,28979.61
1678482000000,17.74,17.75,17.59,17.61,38603.89
1678482900000,17.61,17.62,17.46,17.56,39992.64
1678483800000,17.57,17.62,17.48,17.54,35373.45
1678484700000,17.55,17.78,17.49,17.75,42250.77
1678485600000,17.75,17.94,17.69,17.89,79392.77
1678486500000,17.9,17.96,17.79,17.9,39457.05
1678487400000,17.9,18,17.85,17.9,39896.35
1678488300000,17.89,18.27,17.84,18.09,83374.11
1678489200000,18.09,18.36,18.07,18.24,70100.62
1678490100000,18.25,18.3,18.13,18.19,43568.45
1678491000000,18.19,18.28,18.19,18.25,44917.01
1678491900000,18.25,18.34,18.14,18.17,58084.76
1678492800000,18.17,18.32,18.13,18.16,59828.76
1678493700000,18.15,18.26,18.05,18.23,50347.34
1678494600000,18.24,18.28,18.09,18.1,57642.36
1678495500000,18.1,18.28,18.02,18.05,86052.64
1678496400000,18.06,18.26,18.05,18.22,99495.11
1678497300000,18.22,18.32,18.15,18.27,45806.74
1678498200000,18.27,18.76,18.27,18.67,250172.97
1678499100000,18.66,18.88,18.54,18.73,141710.04
1678500000000,18.72,18.89,18.45,18.46,193959.95
1678500900000,18.47,18.55,18.46,18.47,59486.09
1678501800000,18.48,18.55,18.38,18.47,67070.76
1678502700000,18.47,18.58,18.4,18.48,92907.33
1678503600000,18.48,18.51,18.28,18.34,119046.59
1678504500000,18.34,18.4,18.24,18.26,74660.22
1678505400000,18.26,18.29,18.17,18.23,63731.07
1678506300000,18.23,18.28,18.18,18.18,35481.96
1678507200000,18.18,18.22,17.93,17.97,82852.17
1678508100000,17.97,18.11,17.97,18.09,56992.63
1678509000000,18.11,18.14,18,18.04,54730.23
1678509900000,18.04,18.12,18.01,18.09,63271.29
1678510800000,18.09,18.17,17.99,18.09,36921.85
1678511700000,18.09,18.16,18.02,18.15,27795.32
1678512600000,18.16,18.21,18.12,18.16,53649.8
1678513500000,18.17,18.24,18.16,18.2,53134.32
1678514400000,18.2,18.28,18.14,18.16,31510.52
1678515300000,18.16,18.21,18.08,18.13,31101.3
1678516200000,18.13,18.14,17.81,17.94,85630.82
1678517100000,17.94,18.03,17.86,17.96,63018.31
1678518000000,17.97,17.99,17.72,17.77,74228.55
1678518900000,17.77,17.79,17.6,17.67,83406.64
1678519800000,17.66,17.69,17.08,17.15,243821.66
1678520700000,17.14,17.44,16.96,17.07,234571.48
1678521600000,17.06,17.26,16.94,17.12,148354.01
1678522500000,17.12,17.4,17.11,17.27,117940.84
1678523400000,17.26,17.64,17.25,17.62,92207.97
1678524300000,17.62,17.63,17.42,17.44,114191.44
1678525200000,17.43,17.76,17.32,17.68,111766.4
1678526100000,17.68,17.69,17.46,17.5,56000.07
1678527000000,17.49,17.57,17.29,17.39,85318.11
1678527900000,17.39,17.66,17.37,17.57,109319.32
1678528800000,17.57,17.62,17.48,17.51,68381.17
1678529700000,17.5,17.65,17.47,17.6,48874.96
1678530600000,17.59,17.6,17.33,17.54,107980.37
1678531500000,17.54,17.56,17.37,17.41,79460.99
1678532400000,17.42,17.48,17.33,17.36,41629.32
1678533300000,17.36,17.5,17.34,17.42,35813.17
1678534200000,17.41,17.43,17.18,17.31,96641.38
1678535100000,17.31,17.43,17.27,17.4,41893.26
1678536000000,17.41,17.44,17.35,17.36,40856.01
1678536900000,17.36,17.51,17.33,17.49,47164.22
1678537800000,17.48,17.49,17.4,17.43,42060.84
1678538700000,17.43,17.43,17.3,17.31,33366.26
1678539600000,17.31,17.5,17.3,17.41,44141.88
1678540500000,17.41,17.47,17.32,17.39,34561.86
1678541400000,17.39,17.45,17.33,17.37,27617.55
1678542300000,17.37,17.42,17.27,17.3,30237.16
1678543200000,17.3,17.37,17.25,17.32,45938.94
1678544100000,17.31,17.45,17.31,17.41,44677.9
1678545000000,17.41,17.53,17.41,17.44,48997.61
1678545900000,17.44,17.45,17.29,17.32,43237.21
1678546800000,17.32,17.39,17.18,17.24,62589.58
1678547700000,17.24,17.34,17.24,17.3,34110.06
1678548600000,17.3,17.32,17.21,17.26,21950.52
1678549500000,17.26,17.27,17.07,17.14,55515.49
1678550400000,17.15,17.2,17,17.14,79130.32
1678551300000,17.13,17.19,17.08,17.12,32128.18
1678552200000,17.13,17.31,17.13,17.31,50775.21
1678553100000,17.3,17.44,17.3,17.33,55108.15
1678554000000,17.33,17.42,17.27,17.36,40963.05
1678554900000,17.36,17.53,17.34,17.53,79961.85
1678555800000,17.52,17.63,17.47,17.57,55175.31
1678556700000,17.58,17.73,17.55,17.65,107310.6
1678557600000,17.65,17.82,17.61,17.65,84017.35
1678558500000,17.64,17.9,17.64,17.82,55478.33
1678559400000,17.82,17.92,17.79,17.85,37167.11
1678560300000,17.85,17.87,17.74,17.74,39343.81
1678561200000,17.75,17.78,17.62,17.67,67293.35
1678562100000,17.67,17.8,17.63,17.79,33674.7
1678563000000,17.79,17.86,17.74,17.78,53763.28
1678563900000,17.78,17.96,17.78,17.95,55411.26
1678564800000,17.95,18.12,17.94,18.07,118401.62
1678565700000,18.05,18.07,17.97,17.98,86164.99
1678566600000,17.99,18.15,17.94,17.96,151479.2
1678567500000,17.96,17.98,17.83,17.9,86376.36
1678568400000,17.91,17.99,17.87,17.96,36651.31
1678569300000,17.96,18.2,17.89,18.1,54559.24
1678570200000,18.1,18.1,17.99,18.05,36850.4
1678571100000,18.05,18.06,17.95,18.02,29263.62
1678572000000,18.01,18.12,17.94,18.06,26715.26
1678572900000,18.05,18.14,18.05,18.1,31401.91
1678573800000,18.09,18.11,17.92,17.93,27497.6
1678574700000,17.93,18.03,17.91,17.95,19522.92
1678575600000,17.94,18.04,17.91,17.93,39108.1
1678576500000,17.93,18.04,17.87,18.02,43638.75
1678577400000,18.03,18.12,17.97,18.03,36673.25
1678578300000,18.02,18.15,18,18.07,55267.33
1678579200000,18.07,18.08,17.86,17.86,63731.75
1678580100000,17.85,17.94,17.82,17.89,38142.37
1678581000000,17.89,17.91,17.82,17.83,24353.21
1678581900000,17.83,17.94,17.83,17.92,19280.04
1678582800000,17.92,18.06,17.92,17.96,27670.92
1678583700000,17.95,18.07,17.94,18.01,29616.14
1678584600000,18.01,18.05,17.88,17.89,21534.16
1678585500000,17.89,17.99,17.88,17.95,15073.04
1678586400000,17.96,17.99,17.84,17.85,16768.92
1678587300000,17.86,17.89,17.78,17.82,21663.7
1678588200000,17.82,17.91,17.8,17.88,28467.11
1678589100000,17.88,17.97,17.87,17.96,29367.31
1678590000000,17.96,18.13,17.96,18.05,35234.66
1678590900000,18.06,18.12,17.97,17.98,18170.68
1678591800000,17.98,18.02,17.93,17.97,20803.74
1678592700000,17.97,17.97,17.89,17.92,17798.4
1678593600000,17.93,17.96,17.86,17.88,19873.62
1678594500000,17.88,17.9,17.83,17.83,18127.32
1678595400000,17.84,17.95,17.8,17.93,26073.84
1678596300000,17.93,17.94,17.85,17.88,32106.56
1678597200000,17.88,18,17.87,17.96,29117.46
1678598100000,17.96,18.06,17.96,18.03,44644.83
1678599000000,18.03,18.1,17.98,17.99,29023.73
1678599900000,17.99,18,17.88,17.9,22738.19
1678600800000,17.9,17.96,17.87,17.9,35553.54
1678601700000,17.89,17.93,17.87,17.91,14953.59
1678602600000,17.91,17.94,17.82,17.83,27281.99
1678603500000,17.83,17.89,17.83,17.86,18378.38
1678604400000,17.86,17.89,17.83,17.86,16357.09
1678605300000,17.85,17.94,17.85,17.93,17656.81
1678606200000,17.93,17.96,17.82,17.83,18945.29
1678607100000,17.83,17.85,17.71,17.83,48477.98
1678608000000,17.84,18,17.8,17.98,33930.45
1678608900000,17.98,18,17.92,17.95,30877.45
1678609800000,17.96,17.98,17.92,17.98,17545.13
1678610700000,17.97,18.05,17.91,18.04,15653.34
1678611600000,18.03,18.07,17.97,17.98,34381.7
1678612500000,17.98,18.05,17.98,18.01,16993.49
1678613400000,18.01,18.07,17.97,17.99,21586.8
1678614300000,17.99,18,17.93,17.96,23236.27
1678615200000,17.96,18.01,17.93,17.99,23831.42
1678616100000,17.98,18.07,17.95,18.06,13738.6
1678617000000,18.06,18.09,18,18.09,19807.47
1678617900000,18.1,18.13,18.05,18.06,31800.76
1678618800000,18.07,18.09,18.01,18.07,20613.37
1678619700000,18.07,18.28,18.04,18.19,61995.82
1678620600000,18.19,18.22,18.11,18.17,23424.41
1678621500000,18.17,18.18,18.1,18.13,23214.73
1678622400000,18.13,18.14,17.92,17.98,44688.21
1678623300000,17.97,18.04,17.95,18.01,50040.13
1678624200000,18,18.01,17.9,17.98,21973.06
1678625100000,17.99,18,17.9,17.93,19736.49
1678626000000,17.93,18.03,17.88,18,18848.1
1678626900000,18,18.08,17.99,18.03,26979.81
1678627800000,18.04,18.11,17.99,18.01,25449.97
1678628700000,18.01,18.05,17.93,17.94,25923.73
1678629600000,17.94,17.96,17.84,17.89,45979.27
1678630500000,17.89,17.94,17.85,17.88,53591.41
1678631400000,17.89,17.95,17.87,17.94,26120.89
1678632300000,17.94,17.98,17.8,17.88,61166.18
1678633200000,17.89,17.97,17.74,17.96,86581.19
1678634100000,17.95,17.96,17.85,17.87,31335.54
1678635000000,17.86,17.89,17.78,17.8,43072.89
1678635900000,17.8,17.87,17.77,17.84,24904.14
1678636800000,17.85,17.96,17.78,17.93,53226.32
1678637700000,17.92,17.95,17.86,17.91,22951.05
1678638600000,17.91,17.93,17.83,17.85,22090.56
1678639500000,17.86,17.99,17.85,17.94,19418.98
1678640400000,17.95,18,17.93,17.99,21773.57
1678641300000,17.98,18.41,17.93,18.29,186245.67
1678642200000,18.29,18.59,18.2,18.48,321227.47
1678643100000,18.48,18.7,18.47,18.57,175901.45
1678644000000,18.57,18.62,18.42,18.43,99364.52
1678644900000,18.42,18.66,18.41,18.6,119921.36
1678645800000,18.59,18.84,18.5,18.64,210087.03
1678646700000,18.65,18.73,18.57,18.62,128865.88
1678647600000,18.62,18.75,18.62,18.69,72832.38
1678648500000,18.69,18.7,18.42,18.47,173151.85
1678649400000,18.47,18.52,18.38,18.49,80531.26
1678650300000,18.49,18.5,18.35,18.38,53972.63
1678651200000,18.38,18.69,18.37,18.54,139323.33
1678652100000,18.55,18.61,18.47,18.59,125813.23
1678653000000,18.58,18.93,18.54,18.84,265113
1678653900000,18.85,18.89,18.68,18.82,119409.32
1678654800000,18.82,18.85,18.74,18.8,61528.21
1678655700000,18.8,18.87,18.76,18.79,40737.31
1678656600000,18.79,18.93,18.77,18.89,66022.94
1678657500000,18.88,19.12,18.88,19.11,86213.07
1678658400000,19.11,19.13,18.92,18.99,89726.23
1678659300000,18.99,20.46,18.97,20.05,837748.64
1678660200000,20.05,20.22,20.01,20.03,220663.93
1678661100000,20.03,20.07,19.81,19.83,196663.37
1678662000000,19.83,20.02,19.74,19.96,167524.93
1678662900000,19.97,20.09,19.9,20.03,123300.93
1678663800000,20.02,20.28,19.94,20.26,149530.5
1678664700000,20.26,20.53,20.1,20.2,238957.12
1678665600000,20.19,20.26,19.92,19.96,199379.26
1678666500000,19.96,20.44,19.94,20.17,177144.1
1678667400000,20.17,20.46,20.01,20.35,277929.86
1678668300000,20.35,20.58,20.15,20.24,227018.93
1678669200000,20.23,20.3,20.06,20.11,141323.99
1678670100000,20.1,20.2,20.1,20.14,68388.65
1678671000000,20.13,20.18,19.98,20.11,78003.87
1678671900000,20.1,20.13,20.01,20.01,64841.59
1678672800000,20.02,20.03,19.87,19.89,65320.65
1678673700000,19.89,19.91,19.74,19.77,113554.97
1678674600000,19.76,19.88,19.72,19.73,71054.18
1678675500000,19.72,19.76,19.6,19.67,96146.97
1678676400000,19.68,19.72,19.55,19.6,81328.36
1678677300000,19.6,19.62,19.46,19.59,111401.22
1678678200000,19.59,19.69,19.5,19.56,77057.6
1678679100000,19.56,19.62,19.51,19.54,40357.48
1678680000000,19.54,19.73,19.54,19.72,56979.19
1678680900000,19.71,19.74,19.62,19.64,80919.17
1678681800000,19.63,19.67,19.58,19.61,55639.62
1678682700000,19.62,19.66,19.57,19.6,46552.34
1678683600000,19.59,19.7,19.59,19.68,38658.87
1678684500000,19.67,19.72,19.64,19.7,28164.21
1678685400000,19.7,19.77,19.65,19.73,27632.83
1678686300000,19.73,19.77,19.66,19.69,30418.28
1678687200000,19.68,19.76,19.57,19.58,126082.7
1678688100000,19.58,19.63,19.52,19.63,33206.74
1678689000000,19.62,19.64,19.54,19.63,30006.28
1678689900000,19.63,19.71,19.61,19.7,30189.1
1678690800000,19.71,19.75,19.68,19.73,49566.23
1678691700000,19.73,19.85,19.7,19.73,77774.01
1678692600000,19.74,19.8,19.71,19.77,44242.99
1678693500000,19.77,19.78,19.66,19.75,34186.05
1678694400000,19.74,19.79,19.64,19.65,49346.43
1678695300000,19.66,19.69,19.6,19.66,56356.07
1678696200000,19.66,19.71,19.54,19.54,48272.4
1678697100000,19.55,19.6,19.31,19.43,136792.87
1678698000000,19.42,19.56,19.34,19.49,77959.5
1678698900000,19.49,19.54,19.18,19.24,125856.78
1678699800000,19.24,19.34,18.9,19.03,353874.26
1678700700000,19.04,19.17,19.03,19.07,83884.69
1678701600000,19.06,19.21,19.06,19.12,63359.06
1678702500000,19.13,19.26,19.04,19.25,55904.5
1678703400000,19.25,19.35,19.21,19.27,35586.98
1678704300000,19.26,19.4,19.23,19.37,35361.21
1678705200000,19.37,19.41,19.3,19.3,45073.2
1678706100000,19.3,19.33,19.24,19.25,32812.57
1678707000000,19.25,19.27,19.12,19.15,45960.22
1678707900000,19.16,19.32,19.15,19.21,56085.94
1678708800000,19.22,19.25,19.04,19.13,97216.37
1678709700000,19.13,19.18,19.02,19.12,106308.06
1678710600000,19.12,19.17,18.96,18.97,88791.69
1678711500000,18.97,19.13,18.87,19.09,125328.12
1678712400000,19.09,19.34,19.08,19.26,195665.91
1678713300000,19.27,19.53,19.24,19.34,259017.85
1678714200000,19.34,19.38,19.09,19.2,188759.75
1678715100000,19.2,19.49,19.17,19.39,153211
1678716000000,19.39,20.04,19.34,19.85,383224.01
1678716900000,19.84,20.29,19.79,20.17,456176.94
1678717800000,20.18,20.41,19.94,20.38,288406.31
1678718700000,20.38,20.55,20.24,20.46,296490.33
1678719600000,20.47,21.4,20.46,21.01,708738.76
1678720500000,21.01,21.47,20.98,21.22,335345.87
1678721400000,21.23,21.26,20.55,20.69,476139.87
1678722300000,20.7,20.76,20.53,20.71,193012.43
1678723200000,20.71,20.91,20.63,20.8,174569.5
1678724100000,20.8,20.99,20.64,20.66,137487.44
1678725000000,20.66,20.75,20.37,20.7,200659.33
1678725900000,20.69,20.74,20.47,20.55,106547.55
1678726800000,20.56,20.57,20.32,20.42,98969.37
1678727700000,20.42,20.48,20.35,20.42,69995.24
1678728600000,20.43,20.54,20.35,20.53,94806.49
1678729500000,20.54,20.54,20.37,20.47,51649.54
1678730400000,20.47,20.59,20.38,20.46,79766.25
1678731300000,20.46,20.62,20.46,20.55,55491.7
1678732200000,20.56,20.6,20.45,20.54,46415
1678733100000,20.54,20.7,20.48,20.62,74406.95
1678734000000,20.61,20.71,20.58,20.63,79198.3
1678734900000,20.64,20.66,20.48,20.54,76060.07
1678735800000,20.55,20.65,20.51,20.58,73829.18
1678736700000,20.58,20.61,20.46,20.52,87389.04
1678737600000,20.52,20.56,20.32,20.36,83321.32
1678738500000,20.37,20.42,20.26,20.29,79702.24
1678739400000,20.29,20.4,20.23,20.35,61219.93
1678740300000,20.35,20.38,20.26,20.32,51705.67
1678741200000,20.31,20.49,20.3,20.47,50806.09
1678742100000,20.48,20.49,20.3,20.33,44161.53
1678743000000,20.33,20.35,20.29,20.34,30783.25
1678743900000,20.34,20.42,20.3,20.37,32299.89
1678744800000,20.37,20.62,20.36,20.57,66890.16
1678745700000,20.56,20.59,20.5,20.55,39216.28
1678746600000,20.56,20.58,20.5,20.56,35142.26
1678747500000,20.57,20.57,20.41,20.54,31362.2
1678748400000,20.54,20.55,20.42,20.49,30336.22
1678749300000,20.5,20.5,20.15,20.27,81680.76
1678750200000,20.27,20.37,20.2,20.36,56013.38
1678751100000,20.35,20.42,20.27,20.4,35429.94
1678752000000,20.4,20.43,20.24,20.28,60359.56
1678752900000,20.28,20.45,20.26,20.37,78267.18
1678753800000,20.38,20.47,20.31,20.33,46186.02
1678754700000,20.33,20.46,20.21,20.24,47010.28
1678755600000,20.23,20.31,20.15,20.23,33846.65
1678756500000,20.22,20.34,20.2,20.28,36963.9
1678757400000,20.27,20.37,20.22,20.35,45849.51
1678758300000,20.35,20.42,20.31,20.39,50449.59
1678759200000,20.4,20.5,20.36,20.36,56869.76
1678760100000,20.36,20.39,20.24,20.26,20027.71
1678761000000,20.26,20.34,20.24,20.32,22361.27
1678761900000,20.32,20.33,20.24,20.25,13708.06
1678762800000,20.24,20.3,20.21,20.27,21780.06
1678763700000,20.26,20.32,20.23,20.29,20371.97
1678764600000,20.28,20.42,20.27,20.41,60801.13
1678765500000,20.42,20.43,20.35,20.42,18623.83
1678766400000,20.42,20.47,20.37,20.4,87337.56
1678767300000,20.4,20.4,20.31,20.31,25935.07
1678768200000,20.31,20.38,20.26,20.33,28843.92
1678769100000,20.34,20.41,20.32,20.4,18477.69
1678770000000,20.4,20.68,20.38,20.61,102716.53
1678770900000,20.62,20.64,20.16,20.32,124269.96
1678771800000,20.31,20.45,20.22,20.27,56946.42
1678772700000,20.27,20.36,20.22,20.32,28055.33
1678773600000,20.32,20.44,20.25,20.3,31407.02
1678774500000,20.3,20.38,20.28,20.34,40464.12
1678775400000,20.34,20.37,20.24,20.25,23391.04
1678776300000,20.25,20.32,20.19,20.25,30598.26
1678777200000,20.25,20.32,20.24,20.28,24056.94
1678778100000,20.28,20.29,20.08,20.09,35726.6
1678779000000,20.09,20.15,19.95,19.97,74834.13
1678779900000,19.98,20.07,19.93,20,51003.59
1678780800000,20.01,20.05,19.75,19.81,100937.41
1678781700000,19.8,19.99,19.79,19.98,70494.6
1678782600000,19.97,20.05,19.93,19.95,38170.73
1678783500000,19.95,20.01,19.92,19.92,44247.27
1678784400000,19.92,19.95,19.85,19.91,35239.83
1678785300000,19.92,19.92,19.81,19.84,28708.55
1678786200000,19.84,19.99,19.81,19.93,42161.13
1678787100000,19.94,20.01,19.91,19.98,36435.96
1678788000000,19.99,20.06,19.98,19.98,24284.97
1678788900000,19.98,20.16,19.95,20.07,40142.93
1678789800000,20.07,20.11,20.05,20.07,25223.5
1678790700000,20.07,20.21,20.05,20.19,54216.31
1678791600000,20.18,20.23,20.02,20.13,63114.18
1678792500000,20.13,20.21,20.03,20.04,69764.32
1678793400000,20.05,20.12,19.97,20.09,44858.85
1678794300000,20.09,20.18,20.05,20.12,24179.55
1678795200000,20.12,20.18,20.03,20.09,50022.02
1678796100000,20.1,20.27,20.08,20.14,66412.1
1678797000000,20.15,21.78,20.08,21.3,839666.77
1678797900000,21.3,21.68,21.16,21.41,694002.7
1678798800000,21.41,22,21.39,21.98,517697.8
1678799700000,21.98,22,21.31,21.62,336886.83
1678800600000,21.63,21.83,21.58,21.73,199864.1
1678801500000,21.73,22.05,21.55,21.64,178994.96
1678802400000,21.65,21.7,21.44,21.69,88754.46
1678803300000,21.69,21.99,21.62,21.98,113549.15
1678804200000,21.99,22.01,21.65,21.72,135790.2
1678805100000,21.71,22.07,21.69,21.76,220027.37
1678806000000,21.76,22.12,21.69,21.86,260421.48
1678806900000,21.87,22.02,21.7,21.73,147181.08
1678807800000,21.73,21.89,21.72,21.84,77412.78
1678808700000,21.85,21.96,21.81,21.91,66785.85
1678809600000,21.91,22,21.8,21.93,112943.93
1678810500000,21.93,21.93,21.54,21.59,139610.34
1678811400000,21.59,21.73,21.3,21.58,156536.36
1678812300000,21.58,21.74,21.54,21.72,81625.04
1678813200000,21.72,21.82,21.59,21.77,81748.09
1678814100000,21.76,21.77,21.5,21.57,110174.98
1678815000000,21.57,21.67,21.51,21.57,61268.45
1678815900000,21.57,21.62,21.49,21.55,74415.08
1678816800000,21.56,21.61,21.11,21.19,195118.66
1678817700000,21.2,21.43,21.2,21.42,107057.62
1678818600000,21.42,21.51,21.38,21.43,104099.9
1678819500000,21.43,21.46,20.99,21.02,193716.51
1678820400000,21.01,21.23,20.72,20.73,217434.78
1678821300000,20.72,20.91,20.34,20.59,415489.25
1678822200000,20.59,20.8,20.5,20.66,157429.29
1678823100000,20.66,20.98,20.52,20.91,195833.63
1678824000000,20.91,21.04,20.77,20.83,157607.81
1678824900000,20.83,20.9,20.7,20.84,87348.93
1678825800000,20.85,20.93,20.58,20.73,159655.83
1678826700000,20.74,20.86,20.71,20.73,47086.58
1678827600000,20.74,20.78,20.28,20.55,263199.17
1678828500000,20.55,20.56,20.23,20.52,152113.11
1678829400000,20.52,20.71,20.49,20.65,46344.68
1678830300000,20.65,20.79,20.53,20.73,47833.08
1678831200000,20.74,20.89,20.62,20.88,73489.59
1678832100000,20.88,20.88,20.74,20.77,38308.54
1678833000000,20.77,20.89,20.72,20.83,41225.97
1678833900000,20.84,20.92,20.8,20.89,26304.55
1678834800000,20.89,20.92,20.8,20.86,38059.63
1678835700000,20.86,20.93,20.82,20.89,20749.99
1678836600000,20.89,21.01,20.85,20.97,30026.5
1678837500000,20.97,20.98,20.82,20.86,25818.12
1678838400000,20.86,20.93,20.75,20.78,70951.5
1678839300000,20.78,20.85,20.65,20.68,61979.84
1678840200000,20.68,20.76,20.58,20.72,60737.17
1678841100000,20.71,20.9,20.7,20.87,67417.54
1678842000000,20.86,21,20.83,20.96,71104.4
1678842900000,20.96,21.14,20.94,21.02,84694.66
1678843800000,21.03,21.19,20.98,21.11,57873.62
1678844700000,21.11,21.13,20.98,21.07,47945.76
1678845600000,21.07,21.22,21.06,21.07,40852.58
1678846500000,21.08,21.14,21.04,21.12,23545.72
1678847400000,21.12,21.14,21.05,21.1,20639.55
1678848300000,21.1,21.14,21.02,21.06,24286.27
1678849200000,21.07,21.13,21.04,21.12,24851.2
1678850100000,21.12,21.13,20.92,20.94,30817.79
1678851000000,20.93,21.03,20.9,21.01,26299.21
1678851900000,21.01,21.06,20.99,21.04,14801.19
1678852800000,21.05,21.13,21,21,24992
1678853700000,21.01,21.13,20.99,21.12,22779.46
1678854600000,21.11,21.22,21.05,21.15,42688.03
1678855500000,21.15,21.27,21.14,21.25,45624.48
1678856400000,21.26,21.34,21.23,21.34,26460.22
1678857300000,21.34,21.46,21.31,21.35,29394.87
1678858200000,21.35,21.36,21.24,21.31,27912.29
1678859100000,21.31,21.31,21.15,21.18,37600.46
1678860000000,21.18,21.21,21.05,21.12,34146.22
1678860900000,21.12,21.15,20.98,21.12,66881.31
1678861800000,21.12,21.27,21.01,21.22,48593.59
1678862700000,21.22,21.23,21.1,21.14,23219.52
1678863600000,21.15,21.23,21.13,21.14,29739.5
1678864500000,21.15,21.23,21.04,21.21,40552.81
1678865400000,21.2,21.24,21.13,21.21,29459.12
1678866300000,21.21,21.26,21.13,21.24,24938.88
1678867200000,21.23,21.24,21.14,21.19,26699.08
1678868100000,21.2,21.22,21.07,21.07,29741.82
1678869000000,21.07,21.11,20.99,21.09,37662.74
1678869900000,21.09,21.13,21.03,21.05,27127.24
1678870800000,21.04,21.11,20.99,21.02,32368.22
1678871700000,21.02,21.05,20.9,20.92,31472.78
1678872600000,20.91,20.98,20.73,20.76,74839.99
1678873500000,20.76,20.85,20.68,20.73,49918.04
1678874400000,20.73,20.84,20.7,20.72,33834.79
1678875300000,20.72,20.76,20.6,20.63,68002.92
1678876200000,20.63,20.74,20.59,20.72,50383.78
1678877100000,20.72,20.76,20.53,20.55,72510.98
1678878000000,20.55,20.58,20.35,20.36,120571.64
1678878900000,20.36,20.37,20.21,20.27,91093.23
1678879800000,20.26,20.47,20.17,20.46,104713.17
1678880700000,20.46,20.64,20.37,20.58,63417.54
1678881600000,20.59,20.61,20.39,20.41,71710.31
1678882500000,20.41,20.44,20.29,20.42,52225.13
1678883400000,20.43,21.02,20.36,20.38,468529.33
1678884300000,20.37,20.57,20.14,20.51,247271.32
1678885200000,20.52,20.74,20.44,20.72,95529.35
1678886100000,20.71,20.78,20.6,20.62,85111.6
1678887000000,20.63,20.67,20.44,20.52,118865.84
1678887900000,20.53,20.54,20.24,20.28,77777.88
1678888800000,20.29,20.44,20.19,20.28,67965.53
1678889700000,20.28,20.47,20.2,20.21,82674.34
1678890600000,20.21,20.27,19.81,19.89,222838.46
1678891500000,19.89,20.13,19.87,20.08,136779.63
1678892400000,20.08,20.11,19.86,20.02,125632.6
1678893300000,20.03,20.09,19.73,19.82,122002.78
1678894200000,19.81,19.88,19.4,19.43,315668.24
1678895100000,19.43,19.62,19.07,19.24,331752.31
1678896000000,19.25,19.3,18.96,19.22,323536.77
1678896900000,19.22,19.44,19.15,19.26,187935.78
1678897800000,19.26,19.39,18.7,18.88,279672.76
1678898700000,18.88,19.09,18.72,18.79,201789.81
1678899600000,18.78,19.07,18.72,19.05,206724.92
1678900500000,19.05,19.07,18.92,19.03,117588.23
1678901400000,19.03,19.04,18.88,18.93,107624.66
1678902300000,18.92,19.09,18.86,19.03,64516.28
1678903200000,19.03,19.03,18.78,18.79,74142.02
1678904100000,18.8,19.06,18.76,19.02,102653.84
1678905000000,19.03,19.11,18.98,19.07,102039.69
1678905900000,19.07,19.15,18.92,19.14,89068.16
1678906800000,19.14,19.15,18.95,19.05,103128.83
1678907700000,19.06,19.19,18.99,19.17,64928.83
1678908600000,19.17,19.24,18.89,18.91,94531.29
1678909500000,18.91,19.1,18.87,19.09,58801.32
1678910400000,19.09,19.12,19,19.05,42155.86
1678911300000,19.03,19.15,19.03,19.14,24963.84
1678912200000,19.13,19.3,19.08,19.29,44958.47
1678913100000,19.29,19.3,19.19,19.21,48007.82
1678914000000,19.21,19.31,19.18,19.24,30723.68
1678914900000,19.24,19.29,19.16,19.17,34883.69
1678915800000,19.19,19.33,19.17,19.3,16246.78
1678916700000,19.3,19.32,19.23,19.28,31374.87
1678917600000,19.28,19.48,19.22,19.47,82524.31
1678918500000,19.47,19.47,19.29,19.31,66262.09
1678919400000,19.31,19.35,19.13,19.28,76823.11
1678920300000,19.28,19.33,19.23,19.24,34852.8
1678921200000,19.25,19.34,19.19,19.25,39833.71
1678922100000,19.24,19.35,19.22,19.3,27306.27
1678923000000,19.29,19.4,19.18,19.23,26946.69
1678923900000,19.22,19.27,19.14,19.24,34148.17
1678924800000,19.25,19.29,19.11,19.22,44121.04
1678925700000,19.22,19.44,19.21,19.36,51119.07
1678926600000,19.35,19.35,19.08,19.1,51276.14
1678927500000,19.1,19.21,18.96,19.01,62619.21
1678928400000,19.01,19.13,19.01,19.05,70075.93
1678929300000,19.04,19.14,18.88,19.11,68271.79
1678930200000,19.11,19.18,19.06,19.1,36021.99
1678931100000,19.11,19.27,19.07,19.21,48169.27
1678932000000,19.22,19.31,19.17,19.3,25735.95
1678932900000,19.3,19.42,19.28,19.37,22572.86
1678933800000,19.38,19.4,19.3,19.37,38867.48
1678934700000,19.37,19.45,19.35,19.43,34106.53
1678935600000,19.42,19.49,19.27,19.28,31574.53
1678936500000,19.28,19.37,19.27,19.33,20196.98
1678937400000,19.34,19.35,19.21,19.26,27998.79
1678938300000,19.26,19.34,19.21,19.32,16881.9
1678939200000,19.32,19.37,19.25,19.3,22622.14
1678940100000,19.3,19.33,19.2,19.28,24771.24
1678941000000,19.27,19.28,19.08,19.11,42011.91
1678941900000,19.12,19.18,19.06,19.15,28769.23
1678942800000,19.16,19.19,19.05,19.12,26874.11
1678943700000,19.13,19.36,19.08,19.34,30199.1
1678944600000,19.33,19.43,19.27,19.28,35805.73
1678945500000,19.29,19.36,19.23,19.26,76902.67
1678946400000,19.27,19.44,19.25,19.36,35405.11
1678947300000,19.37,19.41,19.29,19.33,26072.69
1678948200000,19.32,19.39,19.26,19.28,30441.02
1678949100000,19.28,19.43,19.24,19.39,35818.17
1678950000000,19.39,19.53,19.35,19.43,60277.95
1678950900000,19.43,19.6,19.39,19.58,44784.84
1678951800000,19.59,19.63,19.49,19.53,53243.26
1678952700000,19.54,19.55,19.45,19.51,35324.79
1678953600000,19.51,19.55,19.42,19.47,35963.53
1678954500000,19.48,19.49,19.4,19.43,31769.85
1678955400000,19.43,19.52,19.41,19.48,29981.5
1678956300000,19.48,19.52,19.45,19.5,32261.53
1678957200000,19.5,19.55,19.37,19.39,39922.02
1678958100000,19.38,19.42,19.26,19.35,49068.99
1678959000000,19.36,19.82,19.3,19.71,113633.12
1678959900000,19.72,19.73,19.51,19.53,61389.26
1678960800000,19.53,19.59,19.39,19.55,59993.57
1678961700000,19.55,19.59,19.48,19.51,46037.06
1678962600000,19.52,19.67,19.51,19.62,64729.33
1678963500000,19.63,19.76,19.57,19.67,56946.06
1678964400000,19.67,19.68,19.58,19.6,32258.21
1678965300000,19.6,19.72,19.59,19.65,41035.08
1678966200000,19.65,19.74,19.62,19.64,45627.12
1678967100000,19.64,19.77,19.63,19.67,40822.37
1678968000000,19.66,19.68,19.51,19.53,43088.8
1678968900000,19.52,19.62,19.43,19.6,56376.1
1678969800000,19.61,19.61,19.37,19.4,111420.63
1678970700000,19.4,19.43,19.24,19.32,95768.39
1678971600000,19.32,19.39,19.21,19.37,53418.9
1678972500000,19.36,19.37,19.03,19.16,108176.63
1678973400000,19.17,19.42,19.11,19.4,76014.85
1678974300000,19.4,19.53,19.28,19.51,66539.12
1678975200000,19.51,19.55,19.3,19.37,50018.96
1678976100000,19.37,19.52,19.27,19.51,65543.68
1678977000000,19.51,19.61,19.46,19.58,61052.9
1678977900000,19.59,19.71,19.54,19.56,85147.72
1678978800000,19.56,19.6,19.4,19.45,50475.26
1678979700000,19.46,19.54,19.38,19.48,57204.06
1678980600000,19.48,19.58,19.41,19.56,38997.76
1678981500000,19.56,19.66,19.48,19.58,46041.79
1678982400000,19.59,19.65,19.42,19.48,52517.51
1678983300000,19.48,19.57,19.44,19.51,42914.69
1678984200000,19.5,19.52,19.41,19.48,49238.89
1678985100000,19.48,19.59,19.41,19.49,51415.77
1678986000000,19.5,19.5,19.34,19.36,47966.49
1678986900000,19.36,19.46,19.28,19.39,60782.09
1678987800000,19.39,19.46,19.37,19.46,19494.05
1678988700000,19.46,19.48,19.37,19.41,21790.43
1678989600000,19.41,19.48,19.37,19.47,22813.92
1678990500000,19.46,19.57,19.43,19.57,48836.34
1678991400000,19.57,19.57,19.49,19.54,15434.26
1678992300000,19.53,19.62,19.42,19.61,27017.87
1678993200000,19.61,19.67,19.58,19.63,31711.24
1678994100000,19.64,19.9,19.6,19.8,127650.04
1678995000000,19.79,19.84,19.66,19.82,90746.21
1678995900000,19.81,19.85,19.69,19.75,59823.17
1678996800000,19.76,19.76,19.67,19.68,60092.2
1678997700000,19.68,19.7,19.6,19.65,41860.52
1678998600000,19.66,19.66,19.56,19.58,24673.12
1678999500000,19.57,19.59,19.27,19.32,85048.05
1679000400000,19.31,19.48,19.3,19.47,62627.98
1679001300000,19.47,19.54,19.45,19.5,18263.87
1679002200000,19.52,19.7,19.46,19.7,29511.6
1679003100000,19.7,19.72,19.59,19.62,22628.73
1679004000000,19.62,19.68,19.57,19.67,27748.52
1679004900000,19.67,19.73,19.6,19.61,26798.56
1679005800000,19.61,19.66,19.59,19.6,16827.09
1679006700000,19.6,19.65,19.59,19.63,16169.25
1679007600000,19.63,19.7,19.59,19.65,21167.84
1679008500000,19.65,19.69,19.61,19.65,18014.09
1679009400000,19.66,19.78,19.66,19.76,21793.95
1679010300000,19.76,19.77,19.66,19.67,12846.77
1679011200000,19.67,19.72,19.61,19.63,31025.29
1679012100000,19.62,19.67,19.53,19.56,19737.8
1679013000000,19.55,19.56,19.44,19.47,34073.76
1679013900000,19.47,19.53,19.45,19.47,18230.51
1679014800000,19.47,19.52,19.42,19.5,15096.33
1679015700000,19.5,19.78,19.5,19.72,65061.31
1679016600000,19.73,19.94,19.66,19.89,85720.86
1679017500000,19.89,20,19.81,19.98,111637.4
1679018400000,19.99,20.23,19.92,20.18,140510.1
1679019300000,20.18,20.26,20.07,20.14,73509.62
1679020200000,20.15,20.18,19.86,19.88,51504.54
1679021100000,19.88,19.95,19.85,19.88,47860.48
1679022000000,19.88,20.01,19.87,19.94,29135.14
1679022900000,19.94,19.99,19.89,19.92,19266.25
1679023800000,19.92,19.94,19.85,19.89,23933.83
1679024700000,19.88,20.01,19.87,19.99,17594.03
1679025600000,20,20.03,19.94,19.95,30945.08
1679026500000,19.96,19.98,19.9,19.93,50767.48
1679027400000,19.92,19.95,19.88,19.91,19715.23
1679028300000,19.91,19.97,19.9,19.96,18913.35
1679029200000,19.96,20.06,19.92,20.01,59979.46
1679030100000,20,20.01,19.93,19.97,22723.11
1679031000000,19.96,19.98,19.91,19.94,18852.92
1679031900000,19.93,20.01,19.91,20,12987.09
1679032800000,20,20.02,19.95,19.97,19221.54
1679033700000,19.97,20.11,19.94,19.99,65147.72
1679034600000,20,20.18,19.99,20.16,74114.93
1679035500000,20.16,20.27,20.11,20.23,43201.01
1679036400000,20.24,20.26,20.09,20.12,37613.03
1679037300000,20.11,20.13,20.01,20.06,78737.65
1679038200000,20.06,20.11,20.04,20.06,42850.38
1679039100000,20.07,20.07,19.96,20.01,41050.14
1679040000000,20.01,20.12,19.98,20.07,30578.6
1679040900000,20.06,20.18,19.99,20.04,72051.4
1679041800000,20.05,20.06,19.93,20,51263
1679042700000,19.99,20.01,19.97,20,12480.97
1679043600000,20,20.05,19.99,20.05,11462.91
1679044500000,20.04,20.12,20.03,20.11,18776.44
1679045400000,20.11,20.16,20.07,20.08,42271.05
1679046300000,20.08,20.22,20.07,20.18,42131.46
1679047200000,20.18,20.4,20.17,20.28,75650
1679048100000,20.29,20.54,20.27,20.5,132311.02
1679049000000,20.51,20.6,20.46,20.59,113106.85
1679049900000,20.59,20.69,20.54,20.64,81929.15
1679050800000,20.64,20.67,20.51,20.54,55719.24
1679051700000,20.54,20.58,20.47,20.54,59795.93
1679052600000,20.54,20.71,20.49,20.69,62093.91
1679053500000,20.68,20.73,20.62,20.68,69012.85
1679054400000,20.69,20.69,20.44,20.46,66435.06
1679055300000,20.47,20.5,20.36,20.38,59463.58
1679056200000,20.38,20.46,20.22,20.31,66924.8
1679057100000,20.32,20.42,20.31,20.35,33804.67
1679058000000,20.35,20.52,20.34,20.48,58098.45
1679058900000,20.49,20.53,20.37,20.48,70716.21
1679059800000,20.48,20.57,20.35,20.48,53102.63
1679060700000,20.47,20.48,20.29,20.34,41585.59
1679061600000,20.35,20.55,20.35,20.46,48892.17
1679062500000,20.47,20.49,20.14,20.16,64566.74
1679063400000,20.15,20.29,19.81,19.83,146497.98
1679064300000,19.83,20.04,19.82,20.01,81140.36
1679065200000,20.01,20.18,19.94,20.15,65637.61
1679066100000,20.15,20.2,19.95,19.97,102692.78
1679067000000,19.97,20.06,19.88,19.92,33214.55
1679067900000,19.92,20.04,19.91,20.04,30953.32
1679068800000,20.03,20.16,19.99,20.12,37203.09
1679069700000,20.11,20.15,20,20.04,25206.68
1679070600000,20.05,20.11,19.92,19.99,39341.99
1679071500000,19.99,20.04,19.94,19.99,46853.09
1679072400000,19.99,20.18,19.98,20.14,34180.24
1679073300000,20.15,20.19,20.04,20.09,35841
1679074200000,20.09,20.12,20.04,20.1,26846.18
1679075100000,20.1,20.17,20.1,20.13,23769.5
1679076000000,20.14,20.15,19.95,20.01,56952.23
1679076900000,20,20,19.9,19.95,62541.93
1679077800000,19.96,20.07,19.95,20.06,46189.86
1679078700000,20.05,20.2,20.04,20.19,40250.01
1679079600000,20.19,20.3,20.14,20.29,72269.58
1679080500000,20.29,20.5,20.23,20.45,167067.38
1679081400000,20.46,20.5,20.39,20.48,86764.23
1679082300000,20.48,20.63,20.41,20.54,123362.19
1679083200000,20.55,20.58,20.44,20.48,32905.61
1679084100000,20.48,20.72,20.44,20.51,84052.1
1679085000000,20.52,20.55,20.32,20.39,33871.53
1679085900000,20.4,20.42,20.35,20.4,28420.63
1679086800000,20.4,20.42,20.36,20.4,28213.46
1679087700000,20.41,20.53,20.38,20.5,39131.79
1679088600000,20.51,20.8,20.45,20.78,53606.03
1679089500000,20.77,20.79,20.42,20.7,80086.77
1679090400000,20.71,20.81,20.55,20.64,90189.73
1679091300000,20.64,20.78,20.6,20.76,96197.53
1679092200000,20.76,21.31,20.68,21.29,238858.59
1679093100000,21.29,21.45,21.13,21.19,185744.93
1679094000000,21.19,21.61,21.18,21.5,226580.42
1679094900000,21.49,21.64,21.27,21.34,128978
1679095800000,21.35,21.62,21.34,21.41,104864.49
1679096700000,21.4,21.69,21.38,21.6,102326.71
1679097600000,21.6,21.83,21.44,21.48,144100.24
1679098500000,21.48,21.57,21.27,21.49,98757.28
1679099400000,21.49,21.83,21.41,21.79,146385.13
1679100300000,21.79,22.27,21.79,22.19,332276.68
1679101200000,22.19,22.5,22.1,22.29,241170.68
1679102100000,22.3,22.59,22.29,22.45,228897.46
1679103000000,22.44,22.44,22.05,22.13,195154.64
1679103900000,22.14,22.24,22.06,22.06,84227.01
1679104800000,22.07,22.27,21.9,22.22,147709.5
1679105700000,22.22,22.55,22.2,22.53,124681.56
1679106600000,22.53,22.6,22.39,22.45,84536.11
1679107500000,22.45,22.6,22.21,22.56,91215.58
1679108400000,22.57,22.59,22.34,22.57,81912.25
1679109300000,22.57,22.67,22.42,22.63,144713.69
1679110200000,22.62,22.75,22.56,22.64,128290.05
1679111100000,22.63,22.94,22.59,22.64,152815.39
1679112000000,22.64,22.87,22.6,22.64,116228.88
1679112900000,22.64,22.85,22.64,22.69,58252.43
1679113800000,22.69,22.69,22.55,22.57,79465.08
1679114700000,22.58,22.61,22.43,22.49,56540.31
1679115600000,22.48,22.5,22.42,22.46,28362.84
1679116500000,22.45,22.53,22.45,22.49,29370.57
1679117400000,22.49,22.6,22.48,22.51,50477.16
1679118300000,22.52,22.55,22.45,22.54,51617.62
1679119200000,22.53,22.59,22.39,22.46,53138.9
1679120100000,22.46,22.5,22.35,22.41,55567.71
1679121000000,22.41,22.42,22.24,22.3,50146.42
1679121900000,22.3,22.4,22.29,22.37,54352.5
1679122800000,22.37,22.4,22.23,22.32,53348.81
1679123700000,22.32,22.33,22.16,22.18,59101.99
1679124600000,22.18,22.3,22.16,22.26,33874.58
1679125500000,22.25,22.26,22.11,22.18,167924.06
1679126400000,22.17,22.19,21.79,21.82,128112.28
1679127300000,21.82,22,21.78,21.95,90822.93
1679128200000,21.94,22,21.9,21.93,38085.09
1679129100000,21.93,22.06,21.9,22,56064.48
1679130000000,22,22.01,21.85,21.94,50905.27
1679130900000,21.94,22.04,21.91,21.93,31135.91
1679131800000,21.92,22.15,21.91,22.13,65370.11
1679132700000,22.14,22.29,22.07,22.26,72489.52
1679133600000,22.26,22.26,22.12,22.17,66073.37
1679134500000,22.16,22.28,22.15,22.18,32923
1679135400000,22.17,22.38,22.17,22.37,54622.62
1679136300000,22.37,22.38,22.27,22.3,42943.56
1679137200000,22.3,22.32,22.21,22.29,39425.32
1679138100000,22.29,22.39,22.24,22.35,55726.67
1679139000000,22.36,22.48,22.31,22.33,46610.37
1679139900000,22.33,22.51,22.32,22.49,44632.19
1679140800000,22.48,22.51,22.24,22.27,51270.71
1679141700000,22.27,22.32,22.13,22.22,99973.15
1679142600000,22.22,22.43,22.22,22.39,73530.18
1679143500000,22.39,22.52,22.29,22.34,88186.28
1679144400000,22.35,22.35,22.18,22.24,54169.8
1679145300000,22.24,22.27,21.98,22.1,73796.65
1679146200000,22.1,22.16,21.94,22.1,56289.47
1679147100000,22.11,22.23,22.09,22.16,30111.57
1679148000000,22.15,22.42,22.15,22.25,54341.99
1679148900000,22.25,22.4,22.25,22.38,42478.55
1679149800000,22.39,22.39,22.15,22.17,33377.39
1679150700000,22.17,22.27,22.12,22.19,33619.76
1679151600000,22.18,22.22,21.96,22.06,84905.38
1679152500000,22.07,22.22,21.85,21.96,70438.26
1679153400000,21.96,22.07,21.44,21.54,202246.84
1679154300000,21.53,21.99,21.49,21.84,113445.65
1679155200000,21.83,21.99,21.72,21.83,79277.58
1679156100000,21.82,21.89,21.6,21.64,54204.51
1679157000000,21.64,21.98,21.22,21.92,333373.85
1679157900000,21.93,22.39,21.9,21.98,226055.14
1679158800000,21.97,22.15,21.9,21.91,72926.86
1679159700000,21.91,21.92,21.64,21.68,60294.12
1679160600000,21.67,21.84,21.56,21.84,91594.26
1679161500000,21.83,21.95,21.77,21.9,38203.5
1679162400000,21.9,22,21.82,21.98,27407.53
1679163300000,21.98,22.02,21.92,21.99,46865.72
1679164200000,22,22.09,21.91,22.08,27024.28
1679165100000,22.09,22.15,22.02,22.09,31050.36
1679166000000,22.09,22.12,21.96,21.96,28507.6
1679166900000,21.97,22.1,21.91,22.07,32771.45
1679167800000,22.08,22.1,21.97,21.97,26871.69
1679168700000,21.97,22.01,21.9,21.93,16737.44
1679169600000,21.93,21.99,21.85,21.93,23809.43
1679170500000,21.93,22.07,21.92,22.02,19533.88
1679171400000,22.02,22.12,22,22.1,30553.48
1679172300000,22.1,22.17,22.01,22.02,26957.86
1679173200000,22.02,22.09,21.99,22.03,21659.65
1679174100000,22.03,22.04,21.92,21.98,14681.96
1679175000000,21.98,22,21.78,21.8,18015.72
1679175900000,21.8,21.84,21.67,21.7,23013.86
1679176800000,21.7,21.81,21.68,21.72,31826.79
1679177700000,21.73,21.87,21.68,21.85,24952.56
1679178600000,21.85,21.85,21.6,21.62,39106.63
1679179500000,21.61,21.68,21.47,21.53,69014.81
1679180400000,21.52,21.56,21.29,21.44,125291.35
1679181300000,21.43,21.45,21.09,21.12,127133.11
1679182200000,21.13,21.28,21.06,21.1,67658.85
1679183100000,21.11,21.21,21.05,21.2,58858.99
1679184000000,21.2,21.46,21.19,21.45,57390.05
1679184900000,21.45,21.54,21.35,21.48,46756
1679185800000,21.47,21.64,21.47,21.53,50457.31
1679186700000,21.52,21.56,21.42,21.47,33444.17
1679187600000,21.47,21.58,21.37,21.41,26661.49
1679188500000,21.41,21.56,21.41,21.55,25574.02
1679189400000,21.55,21.7,21.54,21.6,48305.84
1679190300000,21.6,21.64,21.56,21.62,27076.76
1679191200000,21.62,21.74,21.59,21.68,29996.66
1679192100000,21.67,21.79,21.64,21.75,18060.84
1679193000000,21.75,21.84,21.73,21.74,26494.98
1679193900000,21.73,21.76,21.63,21.65,17166.64
1679194800000,21.66,21.66,21.59,21.63,15699.79
1679195700000,21.62,21.68,21.59,21.6,11901.47
1679196600000,21.6,21.69,21.59,21.69,11757.5
1679197500000,21.68,21.85,21.67,21.82,26445.4
1679198400000,21.82,21.93,21.8,21.83,61882.69
1679199300000,21.84,21.87,21.71,21.78,52090.7
1679200200000,21.79,21.86,21.76,21.8,34018.21
1679201100000,21.8,21.85,21.75,21.78,16501.39
1679202000000,21.77,21.82,21.7,21.79,10901.87
1679202900000,21.79,21.83,21.71,21.81,18177.25
1679203800000,21.81,21.88,21.73,21.73,17916.68
1679204700000,21.73,21.77,21.67,21.72,27513.38
1679205600000,21.73,21.77,21.67,21.75,15355.97
1679206500000,21.76,21.78,21.62,21.64,25947.21
1679207400000,21.63,21.66,21.48,21.53,37829.83
1679208300000,21.52,21.58,21.48,21.49,25374.55
1679209200000,21.49,21.57,21.29,21.46,45941.73
1679210100000,21.45,21.52,21.38,21.47,34393.17
1679211000000,21.46,21.56,21.46,21.49,15558.97
1679211900000,21.49,21.56,21.46,21.56,13930.89
1679212800000,21.55,21.6,21.37,21.41,26434.59
1679213700000,21.41,21.65,21.36,21.61,40966.61
1679214600000,21.6,21.71,21.55,21.59,40971.68
1679215500000,21.59,21.65,21.44,21.47,28882.9
1679216400000,21.47,21.55,21.42,21.47,33978.55
1679217300000,21.47,21.53,21.41,21.45,24243.1
1679218200000,21.45,21.65,21.42,21.63,21252.32
1679219100000,21.62,21.67,21.56,21.61,17540.85
1679220000000,21.62,21.62,21.51,21.51,27018.47
1679220900000,21.5,21.67,21.45,21.61,32010.62
1679221800000,21.61,21.64,21.5,21.52,20767.23
1679222700000,21.52,21.58,21.39,21.43,33606.18
1679223600000,21.44,21.47,21.22,21.42,67974.82
1679224500000,21.42,21.52,21.32,21.46,47249.32
1679225400000,21.45,21.54,21.43,21.47,27933.23
1679226300000,21.47,21.77,21.47,21.7,71683.84
1679227200000,21.69,21.86,21.65,21.82,44974.88
1679228100000,21.83,21.88,21.66,21.68,51481.55
1679229000000,21.68,21.75,21.62,21.72,27047.02
1679229900000,21.73,21.75,21.58,21.6,27210.49
1679230800000,21.61,21.67,21.48,21.59,54639.77
1679231700000,21.59,21.69,21.54,21.66,43428.08
1679232600000,21.65,21.69,21.53,21.59,33244.27
1679233500000,21.58,21.66,21.55,21.63,23676.46
1679234400000,21.62,21.75,21.61,21.67,33149
1679235300000,21.66,21.82,21.6,21.82,44765.76
1679236200000,21.81,21.87,21.73,21.75,58886.19
1679237100000,21.75,21.81,21.7,21.77,22368.46
1679238000000,21.78,22.09,21.78,21.88,108331.45
1679238900000,21.88,21.97,21.8,21.92,48928.31
1679239800000,21.93,22.01,21.84,21.87,42336.55
1679240700000,21.87,22.13,21.84,22.01,63732.49
1679241600000,22,22.2,21.97,22.06,94891.26
1679242500000,22.07,22.22,22.04,22.13,58060.41
1679243400000,22.13,22.38,22.08,22.31,172157.02
1679244300000,22.32,22.43,22.2,22.27,160185.28
1679245200000,22.28,22.28,22.05,22.18,114661.7
1679246100000,22.19,22.23,22.03,22.07,58956.7
1679247000000,22.08,22.23,22.01,22.19,36312.69
1679247900000,22.19,22.22,22.06,22.08,63148.79
1679248800000,22.08,22.21,22.01,22.16,52724.81
1679249700000,22.17,22.23,22.14,22.19,40028.78
1679250600000,22.2,22.25,22.15,22.22,44591.48
1679251500000,22.22,22.27,22.13,22.27,48703.89
1679252400000,22.27,22.4,22.23,22.36,56819.11
1679253300000,22.37,22.39,22.25,22.3,58796.46
1679254200000,22.3,22.4,22.18,22.2,76451.9
1679255100000,22.19,22.28,22.16,22.19,34620
1679256000000,22.2,22.28,22.05,22.13,59008.07
1679256900000,22.13,22.29,22.05,22.12,82241.86
1679257800000,22.12,22.23,21.78,21.95,149801.19
1679258700000,21.95,21.97,21.82,21.88,62712.54
1679259600000,21.87,22.14,21.86,22.05,76425.55
1679260500000,22.04,22.09,21.97,22.03,22160.58
1679261400000,22.02,22.06,21.92,21.96,26788.69
1679262300000,21.96,22.02,21.85,21.88,28233.33
1679263200000,21.89,22.02,21.83,21.95,66829.67
1679264100000,21.95,22,21.83,21.93,27239.82
1679265000000,21.93,22.12,21.89,22.08,37888.32
1679265900000,22.08,22.11,21.99,22,66034.3
1679266800000,22.01,22.06,21.98,22.01,28194.32
1679267700000,22.01,22.08,21.96,22.06,33034.93
1679268600000,22.07,22.16,22.02,22.04,71533.36
1679269500000,22.04,22.08,21.7,21.86,64514.77
1679270400000,21.86,21.98,21.72,21.98,66831.7
1679271300000,21.98,22.02,21.88,21.94,42211.59
1679272200000,21.94,22.06,21.86,21.87,38166.62
1679273100000,21.86,21.92,21.75,21.83,36881.57
1679274000000,21.82,21.96,21.61,21.94,96300.79
1679274900000,21.94,22.46,21.86,22.2,107480.68
1679275800000,22.21,22.28,22.03,22.28,67471.91
1679276700000,22.28,22.48,22.14,22.19,85835.13
1679277600000,22.19,22.82,22.18,22.76,159530.38
1679278500000,22.76,22.84,22.45,22.46,84488.54
1679279400000,22.46,22.61,22.06,22.18,128891.72
1679280300000,22.17,22.56,22.14,22.52,117078.39
1679281200000,22.52,22.97,22.47,22.69,218899.76
1679282100000,22.7,22.7,22.13,22.44,152039.71
1679283000000,22.45,22.5,22.16,22.34,145944.63
1679283900000,22.35,22.37,21.67,21.69,257633.93
1679284800000,21.69,21.89,21.35,21.86,206971.15
1679285700000,21.87,22.37,21.84,22.29,124080.43
1679286600000,22.3,22.49,22.21,22.21,113795.17
1679287500000,22.21,22.29,22.06,22.1,39927.27
1679288400000,22.1,22.46,22.09,22.43,68686.15
1679289300000,22.43,22.44,22.16,22.29,35000.14
1679290200000,22.28,22.44,22.19,22.36,44476.49
1679291100000,22.36,22.48,22.17,22.36,91512.24
1679292000000,22.36,22.45,22.28,22.33,64443.88
1679292900000,22.34,22.34,22.15,22.19,48998.38
1679293800000,22.2,22.25,22.11,22.19,35727.03
1679294700000,22.19,22.3,22.08,22.16,64435.36
1679295600000,22.16,22.5,22.14,22.42,58616.74
1679296500000,22.41,22.65,22.3,22.61,67579.39
1679297400000,22.62,23.02,22.62,22.89,305658.43
1679298300000,22.89,23.16,22.81,23.09,162328.03
1679299200000,23.1,23.5,23.05,23.4,301245.29
1679300100000,23.41,23.46,23.08,23.36,220438.98
1679301000000,23.36,23.39,23.07,23.11,123948.37
1679301900000,23.1,23.25,23,23.24,62034.32
1679302800000,23.25,23.37,22.98,23.31,223006.42
1679303700000,23.3,23.6,23.3,23.5,263355.99
1679304600000,23.5,23.57,23.17,23.35,179290.5
1679305500000,23.34,23.53,23.25,23.25,108069.15
1679306400000,23.26,23.32,23.03,23.2,115239.57
1679307300000,23.19,23.21,23.06,23.12,88906.18
1679308200000,23.11,23.21,23.05,23.07,78394.33
1679309100000,23.06,23.09,22.91,23.01,71859.02
1679310000000,23.01,23.18,23.01,23.07,42317.52
1679310900000,23.08,23.3,23.06,23.26,57580.59
1679311800000,23.26,23.33,23.21,23.3,35319.11
1679312700000,23.3,23.4,23.09,23.32,75632.38
1679313600000,23.33,23.33,23.17,23.25,60309.89
1679314500000,23.25,23.46,23.12,23.4,86500.72
1679315400000,23.4,23.46,23.32,23.38,50909.98
1679316300000,23.39,23.78,23.38,23.74,233384.08
1679317200000,23.73,23.91,23.48,23.74,232803.84
1679318100000,23.73,23.74,23.41,23.45,114077.61
1679319000000,23.46,23.59,23.19,23.38,220551.94
1679319900000,23.38,23.5,23.29,23.35,137868.57
1679320800000,23.36,23.68,23.36,23.41,134510.64
1679321700000,23.4,23.5,23.14,23.29,118629.18
1679322600000,23.29,23.36,23.16,23.2,63098.74
1679323500000,23.19,23.24,23.06,23.21,82430.51
1679324400000,23.22,23.26,22.93,22.95,92164.66
1679325300000,22.95,23.15,22.94,23.14,39457.12
1679326200000,23.14,23.28,23.06,23.2,57052.79
1679327100000,23.2,23.33,23.13,23.17,75010.64
1679328000000,23.16,23.44,23.13,23.14,111887.4
1679328900000,23.15,23.25,22.71,23.21,230564.3
1679329800000,23.21,23.35,23.1,23.15,109316.87
1679330700000,23.14,23.16,22.77,22.91,141274.42
1679331600000,22.91,23.22,22.76,23.16,132177.26
1679332500000,23.16,23.23,22.93,22.97,91773.45
1679333400000,22.97,23.08,22.77,22.91,91328.61
1679334300000,22.91,22.99,22.46,22.48,184024.65
1679335200000,22.48,22.58,22.25,22.36,149688.83
1679336100000,22.36,22.55,22.2,22.55,119821.46
1679337000000,22.55,22.81,22.5,22.77,121580.65
1679337900000,22.76,22.87,22.67,22.7,74053.08
1679338800000,22.69,22.72,22.47,22.49,63377.6
1679339700000,22.48,22.49,22.01,22.06,157196.54
1679340600000,22.04,22.08,21.83,22.07,126595.98
1679341500000,22.07,22.19,22.01,22.13,85428.49
1679342400000,22.14,22.36,22,22.17,94114.4
1679343300000,22.17,22.32,22.16,22.28,68414.49
1679344200000,22.28,22.32,22.21,22.27,29724.98
1679345100000,22.27,22.47,22.24,22.45,50350.12
1679346000000,22.45,22.71,22.43,22.59,105780.83
1679346900000,22.6,22.64,22.47,22.56,39365.74
1679347800000,22.56,22.71,22.54,22.59,35458.89
1679348700000,22.6,22.79,22.5,22.68,58703.34
1679349600000,22.67,22.7,22.41,22.43,57600.88
1679350500000,22.44,22.56,22.41,22.43,32468.11
1679351400000,22.43,22.6,22.4,22.58,39732.64
1679352300000,22.57,22.58,22.41,22.42,37257.24
1679353200000,22.43,22.58,22.25,22.33,73031.67
1679354100000,22.34,22.34,22.14,22.25,65838.57
1679355000000,22.25,22.33,22.13,22.15,48767.37
1679355900000,22.15,22.24,22.05,22.13,46408.31
1679356800000,22.13,22.22,22,22.18,97072.62
1679357700000,22.18,22.35,22.14,22.23,72666.36
1679358600000,22.23,22.43,22.15,22.41,45820.96
1679359500000,22.4,22.73,22.4,22.49,105036.68
1679360400000,22.5,22.55,22.13,22.18,77030.43
1679361300000,22.17,22.4,22.14,22.22,50134.33
1679362200000,22.23,22.5,22.14,22.48,49889.12
1679363100000,22.49,22.7,22.46,22.6,107003.48
1679364000000,22.61,22.63,22.15,22.17,128562.01
1679364900000,22.16,22.34,22.15,22.2,46354.77
1679365800000,22.21,22.3,22.15,22.27,28464.38
1679366700000,22.26,22.28,22.04,22.14,46571.06
1679367600000,22.14,22.39,22.13,22.38,33698.73
1679368500000,22.37,22.41,22.23,22.27,39258.21
1679369400000,22.26,22.43,22.25,22.41,32546.11
1679370300000,22.41,22.5,22.3,22.45,49470.02
1679371200000,22.45,22.57,22.41,22.56,64090.33
1679372100000,22.56,22.61,22.44,22.45,48236.57
1679373000000,22.45,22.52,22.42,22.46,30738.93
1679373900000,22.47,22.58,22.42,22.53,32789.3
1679374800000,22.52,22.61,22.41,22.59,48963.22
1679375700000,22.59,22.63,22.51,22.56,34405.61
1679376600000,22.55,22.55,22.19,22.25,66480.31
1679377500000,22.25,22.32,22.16,22.3,40718.96
1679378400000,22.3,22.32,22.16,22.32,48795.25
1679379300000,22.32,22.4,22.3,22.36,27088.63
1679380200000,22.36,22.41,22.25,22.4,25374.13
1679381100000,22.41,22.42,22.21,22.23,30498.71
1679382000000,22.23,22.26,21.7,21.77,161630.38
1679382900000,21.78,21.99,21.74,21.94,61866.89
1679383800000,21.94,21.98,21.85,21.96,60362.93
1679384700000,21.96,22.08,21.91,21.93,53899.88
1679385600000,21.94,22.05,21.84,21.87,46433.92
1679386500000,21.88,21.92,21.51,21.66,140648.22
1679387400000,21.67,21.83,21.55,21.63,89367.96
1679388300000,21.64,21.76,21.57,21.67,40102.76
1679389200000,21.67,21.83,21.61,21.76,43609.27
1679390100000,21.76,21.83,21.61,21.63,42593.34
1679391000000,21.63,22.08,21.59,22.04,69006.46
1679391900000,22.03,22.27,21.9,22.1,154146.58
1679392800000,22.1,22.24,22.04,22.21,75748.42
1679393700000,22.2,22.46,22.1,22.32,89854.95
1679394600000,22.32,22.42,22.29,22.42,62018.5
1679395500000,22.41,22.44,22.22,22.26,40083.01
1679396400000,22.25,22.42,22.17,22.2,80214.74
1679397300000,22.21,22.31,22.2,22.3,42172.97
1679398200000,22.3,22.41,22.22,22.4,37568.95
1679399100000,22.4,22.52,22.33,22.44,58881.58
1679400000000,22.45,22.48,22.35,22.46,30567.97
1679400900000,22.45,22.58,22.41,22.5,101780.26
1679401800000,22.5,22.73,22.45,22.71,79732.09
1679402700000,22.71,23,22.71,22.87,174463.96
1679403600000,22.88,23.13,22.79,22.91,226687.58
1679404500000,22.92,23.03,22.74,22.84,105275.92
1679405400000,22.84,23.11,22.77,22.8,138989.52
1679406300000,22.8,23.1,22.74,23.06,113803.65
1679407200000,23.07,23.33,22.85,22.88,262333.53
1679408100000,22.87,22.99,22.67,22.85,102395.65
1679409000000,22.84,23.01,22.79,23,59254.34
1679409900000,23,23.05,22.76,22.8,53730.2
1679410800000,22.81,22.92,22.77,22.86,43586.51
1679411700000,22.86,22.99,22.78,22.83,51495.27
1679412600000,22.83,23.02,22.82,22.95,57924.03
1679413500000,22.95,23.04,22.88,22.92,71076.17
1679414400000,22.92,22.95,22.81,22.86,70746.43
1679415300000,22.86,22.98,22.83,22.94,62058.07
1679416200000,22.94,23.2,22.86,23.01,143747.41
1679417100000,23.02,23.08,22.9,22.96,98290.13
1679418000000,22.95,23.02,22.73,22.96,106589.28
1679418900000,22.95,22.98,22.74,22.77,76833.41
1679419800000,22.77,22.79,22.49,22.56,109616.17
1679420700000,22.57,22.72,22.51,22.55,89454.94
1679421600000,22.54,22.62,22.37,22.41,65397.89
1679422500000,22.41,22.52,22.15,22.29,119855.77
1679423400000,22.3,22.35,22.21,22.25,54765.35
1679424300000,22.25,22.27,22.12,22.23,79296.98
1679425200000,22.24,22.35,22.19,22.28,39602.05
1679426100000,22.28,22.47,22.25,22.45,42941.54
1679427000000,22.45,22.54,22.36,22.53,41093.51
1679427900000,22.53,22.58,22.43,22.52,45866.68
1679428800000,22.52,22.65,22.5,22.6,49391.04
1679429700000,22.61,22.64,22.46,22.51,55397.7
1679430600000,22.51,22.67,22.51,22.6,50791.49
1679431500000,22.62,22.64,22.46,22.52,39625.79
1679432400000,22.52,22.59,22.28,22.31,77214.94
1679433300000,22.31,22.53,22.25,22.52,49309.18
1679434200000,22.52,22.59,22.37,22.43,50773.2
1679435100000,22.43,22.57,22.42,22.51,17656.97
1679436000000,22.5,22.62,22.48,22.61,34965.44
1679436900000,22.61,22.67,22.5,22.54,30949.21
1679437800000,22.55,22.59,22.3,22.32,50711.39
1679438700000,22.32,22.47,22.28,22.47,33067.66
1679439600000,22.47,22.49,22.39,22.45,27358.67
1679440500000,22.45,22.6,22.43,22.6,33984.38
1679441400000,22.6,22.62,22.52,22.6,17062.13
1679442300000,22.6,22.63,22.51,22.53,52385
1679443200000,22.52,22.53,22.37,22.38,55245.65
1679444100000,22.38,22.41,22.32,22.32,23756.19
1679445000000,22.32,22.34,22.02,22.06,85246.17
1679445900000,22.05,22.2,22.03,22.17,40614.7
1679446800000,22.18,22.24,22.06,22.11,49744.69
1679447700000,22.12,22.22,22.04,22.19,48065.43
1679448600000,22.2,22.24,22.11,22.19,33709.31
1679449500000,22.19,22.25,22.13,22.21,26332.52
1679450400000,22.2,22.32,22.18,22.26,29875.97
1679451300000,22.27,22.3,22.18,22.21,23820.14
1679452200000,22.2,22.27,22.16,22.23,18031.77
1679453100000,22.23,22.32,22.23,22.27,22224.97
1679454000000,22.27,22.44,22.22,22.44,33796.33
1679454900000,22.43,22.47,22.37,22.44,41731.36
1679455800000,22.43,22.43,22.32,22.34,27538.84
1679456700000,22.33,22.37,22.28,22.3,17168.16
1679457600000,22.31,22.35,22.28,22.28,16630.46
1679458500000,22.29,22.42,22.28,22.32,63647.67
1679459400000,22.31,22.38,22.3,22.33,19501.68
1679460300000,22.34,22.41,22.29,22.39,23105.77
1679461200000,22.39,22.46,22.35,22.42,24772.62
1679462100000,22.41,22.55,22.4,22.49,57188.67
1679463000000,22.5,22.51,22.43,22.45,27568.86
1679463900000,22.45,22.56,22.44,22.53,32537.9
1679464800000,22.53,22.56,22.42,22.47,27883.2
1679465700000,22.47,22.52,22.39,22.4,36227.98
1679466600000,22.4,22.46,22.34,22.37,26849.4
1679467500000,22.37,22.46,22.36,22.45,21654.82
1679468400000,22.45,22.56,22.4,22.47,41632.93
1679469300000,22.47,22.48,22.4,22.42,23191.88
1679470200000,22.41,22.41,22.23,22.28,58607.2
1679471100000,22.28,22.35,22.2,22.31,45525.53
1679472000000,22.31,22.33,22.21,22.27,67671.21
1679472900000,22.27,22.28,22.21,22.25,27020.5
1679473800000,22.24,22.3,22.16,22.2,24140.59
1679474700000,22.2,22.26,22.11,22.14,37775.09
1679475600000,22.13,22.23,22.1,22.14,50349.2
1679476500000,22.13,22.31,22.12,22.3,44834.66
1679477400000,22.3,22.34,22.23,22.24,67813.11
1679478300000,22.24,22.25,22.11,22.2,46113.07
1679479200000,22.2,22.34,22.18,22.3,52243.32
1679480100000,22.29,22.37,22.26,22.33,46687.13
1679481000000,22.33,22.5,22.33,22.49,52570.88
1679481900000,22.5,22.71,22.49,22.5,94253.71
1679482800000,22.5,22.58,22.48,22.5,49375.67
1679483700000,22.5,22.55,22.47,22.5,44420.22
1679484600000,22.51,22.63,22.46,22.5,95176.51
1679485500000,22.5,22.57,22.4,22.48,66739.48
1679486400000,22.48,22.6,22.4,22.52,61500.72
1679487300000,22.52,22.65,22.49,22.55,53880.93
1679488200000,22.55,22.58,22.46,22.48,36613.41
1679489100000,22.48,22.51,22.44,22.46,22910.33
1679490000000,22.46,22.47,22.32,22.42,38538.14
1679490900000,22.42,22.55,22.41,22.52,50777.94
1679491800000,22.52,22.65,22.45,22.54,64513.53
1679492700000,22.54,22.59,22.46,22.48,42596.06
1679493600000,22.48,22.59,22.47,22.53,43148.79
1679494500000,22.53,22.58,22.48,22.55,25214.46
1679495400000,22.56,22.65,22.52,22.63,53375.71
1679496300000,22.63,22.94,22.58,22.71,267406.98
1679497200000,22.71,22.94,22.71,22.91,108475.34
1679498100000,22.9,23.09,22.84,22.88,115104.44
1679499000000,22.87,22.96,22.77,22.8,86731.44
1679499900000,22.8,22.8,22.54,22.63,99913.3
1679500800000,22.64,22.7,22.51,22.52,69466.26
1679501700000,22.52,22.67,22.46,22.66,49658.79
1679502600000,22.66,22.73,22.59,22.66,50617.43
1679503500000,22.66,22.7,22.57,22.69,28785.04
1679504400000,22.7,22.75,22.56,22.59,58887.73
1679505300000,22.59,22.6,22.32,22.48,116043.02
1679506200000,22.47,22.58,22.41,22.49,86367.84
1679507100000,22.49,22.72,22.44,22.59,125189.84
1679508000000,22.59,22.95,22.25,22.63,649653.79
1679508900000,22.62,22.73,22.55,22.65,72710.82
1679509800000,22.65,22.7,21.53,22.43,543167.21
1679510700000,22.44,22.79,22.22,22.35,401067.87
1679511600000,22.35,22.37,21.6,21.73,593216.48
1679512500000,21.73,22,21.66,21.84,194072.69
1679513400000,21.84,21.85,21.28,21.28,340481.22
1679514300000,21.28,21.33,20.93,21.1,467073.8
1679515200000,21.1,21.26,20.96,21.12,232828.02
1679516100000,21.13,21.33,21.11,21.3,141211.32
1679517000000,21.3,21.43,21.2,21.4,90963.44
1679517900000,21.4,21.72,21.4,21.65,187557.97
1679518800000,21.65,21.85,21.57,21.77,130345.03
1679519700000,21.77,21.77,21.47,21.5,98365.79
1679520600000,21.5,21.54,21.27,21.3,67565.68
1679521500000,21.3,21.41,21.22,21.23,53977.66
1679522400000,21.24,21.35,21.13,21.18,120737.25
1679523300000,21.18,21.3,21.12,21.29,96012.82
1679524200000,21.29,21.37,21.22,21.33,63120.61
1679525100000,21.34,21.48,21.27,21.44,87716.56
1679526000000,21.44,21.55,21.42,21.45,80309.91
1679526900000,21.45,21.52,21.44,21.51,63893.49
1679527800000,21.5,21.52,21.39,21.44,42138.52
1679528700000,21.44,21.48,21.39,21.42,37774.44
1679529600000,21.41,21.44,21.24,21.37,114081.51
1679530500000,21.37,21.57,21.34,21.53,68273.15
1679531400000,21.53,21.6,21.46,21.49,42359.42
1679532300000,21.48,21.49,21.37,21.4,41800.98
1679533200000,21.41,21.44,21.27,21.33,43563.48
1679534100000,21.33,21.38,21.25,21.34,41881.42
1679535000000,21.34,21.41,21.32,21.36,24570.91
1679535900000,21.36,21.39,21.19,21.2,38165.49
1679536800000,21.19,21.26,21.08,21.26,56127.79
1679537700000,21.25,21.33,21.22,21.31,20464.2
1679538600000,21.3,21.44,21.3,21.39,29682.19
1679539500000,21.39,21.46,21.37,21.42,18273.46
1679540400000,21.43,21.46,21.39,21.44,20682.02
1679541300000,21.43,21.44,21.31,21.34,32143.51
1679542200000,21.34,21.42,21.31,21.33,19646.84
1679543100000,21.33,21.34,21.25,21.26,21455.83
1679544000000,21.26,21.34,21.24,21.34,16691.68
1679544900000,21.34,21.38,21.28,21.37,18189.32
1679545800000,21.38,21.43,21.32,21.33,19498.96
1679546700000,21.33,21.37,21.19,21.28,40778.2
1679547600000,21.28,21.3,21.24,21.25,15745.15
1679548500000,21.25,21.35,21.25,21.35,24386.37
1679549400000,21.35,21.53,21.34,21.51,43928.96
1679550300000,21.51,21.62,21.47,21.57,44534.41
1679551200000,21.57,21.62,21.5,21.55,30513.6
1679552100000,21.55,21.65,21.53,21.6,29192.07
1679553000000,21.61,21.67,21.58,21.61,33444.18
1679553900000,21.61,21.61,21.5,21.53,54627.66
1679554800000,21.53,21.58,21.5,21.5,33509.79
1679555700000,21.51,21.56,21.5,21.54,20026.36
1679556600000,21.54,21.67,21.53,21.64,16601.98
1679557500000,21.65,21.73,21.59,21.7,27813.44
1679558400000,21.7,21.8,21.69,21.74,36643.18
1679559300000,21.73,21.76,21.67,21.7,20694.14
1679560200000,21.69,21.71,21.64,21.7,12526.42
1679561100000,21.7,21.71,21.65,21.69,34837.93
1679562000000,21.69,21.71,21.62,21.62,18319.42
1679562900000,21.63,21.69,21.58,21.65,24568.16
1679563800000,21.65,21.68,21.6,21.62,20994.52
1679564700000,21.62,21.71,21.59,21.67,23632.75
1679565600000,21.68,21.79,21.68,21.73,32829.45
1679566500000,21.72,21.77,21.68,21.71,54759.28
1679567400000,21.71,21.77,21.71,21.75,19919.37
1679568300000,21.74,21.8,21.73,21.74,19254.77
1679569200000,21.74,21.76,21.61,21.63,23509.29
1679570100000,21.62,21.67,21.57,21.63,21824.63
1679571000000,21.63,21.69,21.62,21.68,18544.43
1679571900000,21.68,21.78,21.67,21.76,17872.59
1679572800000,21.76,21.79,21.7,21.76,26005.61
1679573700000,21.76,21.76,21.64,21.68,20267
1679574600000,21.67,21.73,21.63,21.65,23926.2
1679575500000,21.65,21.72,21.64,21.65,18640.09
1679576400000,21.66,21.68,21.57,21.59,41955.99
1679577300000,21.59,21.6,21.44,21.48,58826.19
1679578200000,21.48,21.58,21.44,21.49,45138.21
1679579100000,21.49,21.53,21.42,21.46,32243.81
1679580000000,21.47,21.55,21.38,21.53,54367.96
1679580900000,21.54,21.58,21.42,21.45,25230.55
1679581800000,21.46,21.49,21.4,21.46,23404.99
1679582700000,21.46,22.05,21.44,21.99,138447.07
1679583600000,21.99,22.41,21.98,22.36,224234.71
1679584500000,22.36,22.66,22.22,22.31,426408.88
1679585400000,22.31,22.52,22.31,22.4,138945.63
1679586300000,22.4,22.47,22.36,22.4,102316.76
1679587200000,22.39,22.57,22.28,22.3,188692.07
1679588100000,22.31,22.39,22.2,22.29,69302.31
1679589000000,22.29,22.35,22.25,22.29,35794.88
1679589900000,22.28,22.42,22.27,22.39,45538.14
1679590800000,22.4,22.95,22.34,22.53,361169.37
1679591700000,22.53,22.56,22.23,22.27,177679.54
1679592600000,22.27,22.43,22.27,22.39,55166.18
1679593500000,22.38,22.41,22.26,22.29,49868.83
1679594400000,22.29,22.33,22.21,22.31,33190.13
1679595300000,22.3,22.32,22.11,22.16,72776.49
1679596200000,22.16,22.16,22,22.02,53180.18
1679597100000,22.03,22.08,21.71,21.83,158728.05
1679598000000,21.83,21.96,21.7,21.82,118909.93
1679598900000,21.82,21.87,21.75,21.85,54007.84
1679599800000,21.84,22.02,21.81,22.01,55297.24
1679600700000,22.01,22.15,21.97,22.09,69713.73
1679601600000,22.09,22.1,21.95,21.97,51896.27
1679602500000,21.96,22,21.89,21.97,28096.97
1679603400000,21.97,22.13,21.94,22.12,32725.82
1679604300000,22.13,22.13,22.02,22.12,18499.76
1679605200000,22.12,22.12,22.02,22.08,24845.49
1679606100000,22.09,22.09,21.89,22,40098.63
1679607000000,22,22.07,21.97,22.04,21593.81
1679607900000,22.05,22.15,22.01,22.13,17323.56
1679608800000,22.13,22.13,22.06,22.11,21359.89
1679609700000,22.1,22.11,21.96,22.03,51209.01
1679610600000,22.03,22.1,22.02,22.1,22738.48
1679611500000,22.09,22.1,21.95,22.04,85400.34
1679612400000,22.04,22.14,22.01,22.13,31984.37
1679613300000,22.12,22.22,22.11,22.18,42494.09
1679614200000,22.18,22.25,22.16,22.21,30182.52
1679615100000,22.2,22.23,22.14,22.16,26203.13
1679616000000,22.16,22.24,22.14,22.19,36137.73
1679616900000,22.2,22.27,22.16,22.18,29669.2
1679617800000,22.19,22.22,22.11,22.2,24233.98
1679618700000,22.2,22.21,22.06,22.1,32955.63
1679619600000,22.09,22.13,22.02,22.08,32809.42
1679620500000,22.08,22.2,22.07,22.19,19912.85
1679621400000,22.19,22.25,22.16,22.23,17940.65
1679622300000,22.23,22.23,22.17,22.17,13641.75
1679623200000,22.17,22.27,22.15,22.23,16951.19
1679624100000,22.24,22.24,22.18,22.21,14164.93
1679625000000,22.2,22.24,22.11,22.14,20096.09
1679625900000,22.13,22.17,22.06,22.09,29316.05
1679626800000,22.1,22.13,22.08,22.11,8849.3
1679627700000,22.11,22.15,22.06,22.13,16112.59
1679628600000,22.12,22.14,22.07,22.12,11514.69
1679629500000,22.12,22.13,22.08,22.09,8269.91
1679630400000,22.08,22.14,22.07,22.1,13087.98
1679631300000,22.1,22.12,22.06,22.06,11528.37
1679632200000,22.06,22.06,21.93,21.98,38294.85
1679633100000,21.98,21.98,21.87,21.9,30721.48
1679634000000,21.9,21.98,21.89,21.98,22826.86
1679634900000,21.98,22.03,21.97,21.99,17788.55
1679635800000,21.99,22.03,21.98,22.01,21200.84
1679636700000,22.02,22.02,21.95,21.95,19734.72
1679637600000,21.96,22,21.93,21.98,22935.76
1679638500000,21.99,22.01,21.94,22.01,11974.11
1679639400000,22.01,22.01,21.94,21.94,13881.34
1679640300000,21.95,21.96,21.9,21.92,14642.69
1679641200000,21.92,22.01,21.9,21.97,20348.38
1679642100000,21.98,22.03,21.96,22,31189.85
1679643000000,22.01,22.04,21.94,21.95,12877
1679643900000,21.96,22.02,21.96,21.99,16089.14
1679644800000,21.98,22.02,21.71,21.85,98553.35
1679645700000,21.84,21.84,21.74,21.76,46403.24
1679646600000,21.76,21.76,21.6,21.67,76309.07
1679647500000,21.68,21.68,21.5,21.6,91708
1679648400000,21.6,21.66,21.57,21.59,38666.22
1679649300000,21.58,21.8,21.58,21.78,37124.89
1679650200000,21.78,21.79,21.64,21.66,33376.22
1679651100000,21.65,21.66,21.58,21.59,41159.21
1679652000000,21.58,21.62,21.46,21.54,88328.6
1679652900000,21.54,21.62,21.52,21.58,30079.51
1679653800000,21.57,21.63,21.54,21.6,18944.67
1679654700000,21.6,21.65,21.56,21.65,22631.98
1679655600000,21.65,21.69,21.58,21.68,20306.59
1679656500000,21.69,21.73,21.64,21.73,17464.16
1679657400000,21.73,21.73,21.73,21.73,0
1679658300000,21.73,21.73,21.73,21.73,0
1679659200000,21.73,21.73,21.73,21.73,0
1679660100000,21.73,21.73,21.73,21.73,0
1679661000000,21.73,21.73,21.73,21.73,0
1679666400000,21.73,21.73,21.4,21.63,101849.76
1679667300000,21.64,21.67,21.52,21.6,46304.04
1679668200000,21.61,21.73,21.46,21.48,62293.18
1679669100000,21.48,21.55,21.44,21.45,31913.6
1679670000000,21.44,21.45,21.08,21.09,111469.65
1679670900000,21.09,21.23,21.07,21.2,68529.87
1679671800000,21.2,21.2,20.99,21.04,102540.32
1679672700000,21.04,21.25,21.03,21.2,211976.79
1679673600000,21.21,21.33,21.16,21.26,361734.12
1679674500000,21.26,21.26,21.05,21.1,125947.71
1679675400000,21.11,21.11,20.99,21,96742.22
1679676300000,21,21.05,20.96,20.97,120526.63
1679677200000,20.98,21.05,20.84,20.86,92423.48
1679678100000,20.87,20.93,20.53,20.73,313955.93
1679679000000,20.73,20.76,20.48,20.53,198969.55
1679679900000,20.54,20.63,20.32,20.42,254631.06
1679680800000,20.42,20.48,20.26,20.39,219199.94
1679681700000,20.39,20.6,20.39,20.59,76692.16
1679682600000,20.59,20.69,20.52,20.66,67095.52
1679683500000,20.65,20.8,20.61,20.7,80554.71
1679684400000,20.71,20.73,20.6,20.61,34532.22
1679685300000,20.6,20.72,20.6,20.66,52917.15
1679686200000,20.67,20.77,20.64,20.75,47253.91
1679687100000,20.74,20.78,20.69,20.75,30104.63
1679688000000,20.76,20.79,20.66,20.77,85393.97
1679688900000,20.76,20.8,20.57,20.58,65588.97
1679689800000,20.59,20.65,20.51,20.57,21916.89
